157875019
452162425
508585818
595342707
329387780
963096133
541613995
457195798
279977088
716980495
610302104
686581468
941122010
106377064
607974526
330242649
602072185
909159506
710073501
43768223
565734457
554758370
568490850
818465337
855078705
595917444
176000634
622316840
782493475
960384175
377635904
88759898
831949297
396327787
757147483
723110132
882630010
357345526
958249522
421464132
320145625
932212066
193359959
807374448
534992833
173313613
760845111
852829326
178592856
540821423
878115757
872826916
268252940
963981864
610341209
163914035
781086998
968984446
308565899
291402567
545605418
852721509
339719112
90750580
566777033
362051362
811887260
609229503
605873256
824023360
144978256
869471280
803067448
173260372
915650557
159425344
644030951
758658459
626574122
951303600
785393729
433095525
717337750
734475750
546273380
146056966
263731712
441591445
30042971
580106506
235583035
936637981
907074517
841793907
169818623
836471761
850069504
181616308
448333155
26178722
325485553
408452117
331318817
721584982
848862479
675082540
364358128
568454396
404003317
186801470
478919416
638070217
336018224
82468601
107015089
222927367
661095755
475972790
500968203
691404170
397262933
178379357
919500373
809359471
627532973
976322022
46906421
21233102
844620542
838599683
494283277
159579218
552681749
571156776
200627707
147681607
985704610
135781752
668417618
821120527
389198607
755556907
662397154
699896272
547915594
114981483
74143287
722700716
963249069
487689293
408465068
437117762
719378558
55097101
569053860
222955808
929232093
722826611
783095697
388706599
928201061
572096415
943080558
9388775
149096000
961721600
84359065
645184767
633835688
476793824
323506045
561611515
74937805
567461821
129182926
822836992
607154036
360234310
687581011
676466877
74356781
893088068
62972039
547769581
515138689
678689046
188211603
360750382
408381131
751481568
245470437
573544097
528312035
136063258
321017757
524003093
792414735
211122451
268931624
421838727
479115969
521117508
634571441
809137328
32155629
398447638
605202277
697960859
493606960
478309604
800772786
370547982
58069642
208332200
230555684
592342470
696017657
405788557
643529921
307592222
297503489
832596717
172931591
533516579
399400678
209015868
763307579
384601588
183814921
792518223
851337870
761688961
700733092
268662238
939812716
479411552
354361910
723632588
441224155
787549554
343000055
490377300
698963552
500470244
704651294
334461358
643999952
359381760
552494206
498476635
789556409
993229929
56918613
972850584
382587891
734943398
417982637
94848334
620646257
17763281
534151884
182351807
218151616
12756341
724235708
173607422
953697348
386315822
399143275
153539777
446312120
945084588
848784751
355535301
53502571
252510361
148241235
546375432
261126931
727409347
243581029
171768869
454435753
118536046
79420131
755720805
139351098
872851380
695315679
638934632
374639689
548965740
633836937
492627055
814153179
453988758
57923903
517853875
726358525
967068401
212922126
583174035
919550981
740066580
985428328
689896248
568330044
990389130
706288221
430511233
399217391
745252768
16882116
5840637
113040565
816933551
804267494
462019050
616025629
875755848
483053061
402597414
846777594
322937004
883085524
400426983
417687144
625502628
535376349
278350685
910383996
990201729
994641145
110073269
612454834
9236899
320303136
940989314
608890621
477883417
725602435
988936779
959528588
951111892
138311038
994323263
787513429
774008553
892401171
798500021
22835370
454123036
277318258
541622015
544071326
136077753
715486152
204337037
362468993
837708864
561408241
792130627
709302314
97726457
46039777
966106620
620012078
149768658
65091912
695700781
995766840
515996435
523209327
479998597
986531219
438460616
477117830
414237039
923244794
809496481
845527513
167752399
86737025
331150585
607099458
697519038
328083724
389299537
541295084
3679625
539640140
114806992
64541208
556753009
739130305
136077693
713853220
864197043
365291299
377331251
788729812
947163375
184589413
325139168
154785677
860580434
986833836
410198744
630095791
207058359
316403177
109704156
500184367
844009911
527298662
438789469
361981053
302827309
437907618
630819024
326410403
437511866
166328908
530563647
977835179
616372899
155506216
218321463
426120646
788049474
219734716
334541560
180553672
962847268
748614950
243433635
993464931
725691268
278164514
549684885
534727974
340061781
420148968
251553114
896916309
588653501
129442395
533362333
753782632
882563048
175336950
304603530
331048846
933384379
63989612
467044391
304631645
43913540
839899533
312255336
339486047
507761076
213103006
289116623
842169492
494532555
624479548
747058702
967042339
708854185
742555920
892943270
476834382
710278573
956512629
164094364
696029656
572820314
231121310
705993611
269787728
541817940
666801058
236509499
674311723
962997752
646703570
255074507
300412129
744725031
153717979
921706784
433956716
184313615
150867436
98324521
771142987
615063992
37142549
956894621
473156987
775343469
574949209
665929297
618286029
776136565
879675299
286316707
725670732
980112814
211281669
994365542
628311169
749250901
769126493
555622344
161891520
886424791
489100993
197813535
19462919
805216000
728066560
809157902
365103690
7044516
625205674
821348017
125650298
799738748
820650526
672858240
382111358
90899126
265110756
371294689
597460796
594027569
687527320
938157463
394253825
360785271
660117705
553844544
437789185
593705029
856614598
885695067
557517081
252956067
677183210
770999059
395489788
121724122
676187667
297610029
172936138
690782635
806488175
231764148
462029816
715508729
527412751
642099173
913479672
451111572
16503923
379474389
8119069
919281426
783401885
185134215
467756366
960179335
443553610
398049440
433566843
802073489
218817566
112719016
557656800
811065862
278325018
481564470
43387663
248930060
617477160
780431216
728829072
918161923
213168470
79660214
574969452
898707331
748667931
36709078
755640761
929596846
502960931
696981123
826858183
944547940
708109582
191801202
770108864
676624113
201902930
479314258
421579220
290387358
481768622
10051437
31385764
66181863
3899015
202317970
256098492
643760467
275388720
894710323
65620827
609293616
387104983
502678634
858090801
198227608
418457340
65453998
422585418
784355062
128632850
641009912
937072822
54737310
617310603
723805762
947811044
457751283
362370881
126553967
590656343
749155261
336050839
301663926
112424973
937455405
226363637
49615586
170637412
712637405
520710051
389572124
664397978
246731704
653375874
327252
70938715
230128585
916563410
884845508
515730277
777186144
183024255
787791830
159674147
583322017
645755169
997382902
726532019
487746322
964746245
353172416
307554232
960562110
795671676
934159886
546926115
281752689
457775873
587499009
550855759
420672234
651284585
716106586
86425125
930223126
150641452
284706066
754401719
219536301
618745676
462115686
509072472
547817481
39924891
399692136
538035802
825242337
249147772
461229256
324265903
483758484
222708419
903989347
967394894
528809372
393519150
573214167
744812495
456527081
169756863
739253560
958259726
617024735
195236018
710272449
869518084
616984030
692932750
557960225
196126820
572952331
743735983
432124089
312282940
63461504
736248994
625811660
402337919
758010652
801485454
789329735
414305551
490895894
787787460
90821332
851434625
409206488
499498212
984637911
118157784
126191979
441556393
720481991
942993553
368409995
259244159
753397561
78849207
719744452
320761847
881624908
624784060
551216300
394093856
99673369
478048781
306370155
267187472
914519375
456872503
324839974
210087083
658244344
856164079
169301699
306528428
967717215
766082073
817425719
848060826
71645958
314329773
320619423
968144048
28976778
653663261
756587811
251157537
10839190
488039856
829010445
583179190
979676490
660250587
308376338
596583829
122650243
308210795
389415453
443950351
919141530
211521707
143253219
148475386
494024784
604872062
702113881
639018928
451903422
167028153
840389459
544427983
18286734
404640386
338419822
279759225
522397260
988972555
667145432
830274384
555527265
105421583
371016222
530369871
922000645
851893804
230532935
543411971
965702261
808569005
838358466
449175138
583045973
426066315
325047776
560566825
351652905
597655949
926333750
942163890
727956199
202276625
583302139
413853619
748179593
727033816
781696075
487536704
920377471
946891243
30260700
709964490
495770609
884967482
674441974
719762930
586754021
802811596
64586720
144440035
292371080
84842036
817107262
642776131
611545833
883058596
924839694
284595980
487183216
474859521
915646843
91410958
596324247
26075601
936967511
81166695
803237722
908380437
550183243
16008779
281005070
384936570
761629233
790885601
338691
147115934
309803669
831332586
138685454
365515118
13014865
386710968
453727714
688384516
732418685
371301371
647081064
139033873
41784138
591418840
762443069
194334661
596046598
715469873
971391706
18464855
950870171
540820975
873269999
4911534
123166233
992095141
527687958
545810182
87547748
460817987
532171427
64277152
155226923
539762404
434527718
143377102
699337791
733459207
624083330
800027838
445415749
951894572
32762030
335060972
658549575
875427326
730031075
453704656
479148760
835342095
964156789
983137747
598295762
578188271
16767219
139632993
737273413
720855166
321703488
931341913
977589104
804562595
209692731
104143423
585255415
239007868
476096590
679630096
970673889
77987863
210677530
502164690
693758827
13100404
620584963
256963017
999210574
217711934
848620602
569261388
585278676
511285803
131723493
107860812
395476529
16849898
919062610
760811000
333777210
72259153
138519227
757624867
954390967
621178911
632394711
230705007
480025487
244681695
913186807
101444788
104501236
50832552
394834283
941110321
886362927
392383600
648895489
653556445
360268010
930390293
260973086
695161636
497001661
106510367
445827847
624691606
396026068
366465355
968564152
165165394
960737517
165765713
827160639
947227108
391941300
179826456
755427751
710869809
358853476
758172372
253456641
26886700
894636890
751649488
769528106
735059239
120848392
433384898
224698144
925591704
200025136
5503181
285001118
563726124
871428800
881534694
34167256
740138256
46379947
109948372
864450545
747447507
777757205
62699294
120146809
525571288
251787699
704536771
720616911
887324191
442199338
402545276
426992299
224234053
91052480
55411415
42491230
550462691
91741829
656318826
544013620
508187455
544894193
96815651
327027855
472179459
534415015
994082574
1639304
873176044
364038154
237775677
727257280
31513129
77299370
519260239
311958063
783307071
699674785
448047647
466939822
327973693
667433000
668094890
507820441
816002974
608535768
157809353
379189427
846215485
806470537
947270490
213812248
567739481
281182861
380132014
3480676
115105416
925679253
820794346
33584255
790218390
451038941
361262984
109436085
625670012
629639160
454718055
685095429
557468366
709790907
31316598
729310293
935034757
899967980
423650252
795360196
978413811
935855555
256198243
753971628
732158289
557601514
194484150
408460122
396712642
809203226
98609688
387056745
129238499
258962377
151270149
265797848
849600143
204029856
818213938
740483374
156271704
84547106
821313297
555318290
784032085
63103094
200047237
889703133
716648700
853592116
195004973
693949473
658710769
998771965
454380699
618196237
665874409
887285610
757537130
625033286
666086079
706646375
490993006
741319409
544661601
562596038
143019732
464374135
433372569
117835616
523239809
798977223
646028727
531161092
321056546
773057294
175798066
496000934
169265288
73772172
233336159
576309687
328553300
472709408
541844117
950471275
956446001
889528288
605751522
349064053
457130967
687209903
574507812
592260490
724880150
512318640
703888914
596032520
547648975
193998185
529578329
532065464
936579815
817498654
40492918
967640815
287468538
816033985
114646749
387705626
156524320
986275146
386636173
875302720
548516393
702333897
729028752
829212426
932474328
83723790
967301196
716037830
101739911
100949028
70625414
794910267
823325820
654058786
928955437
582039318
697676979
531670265
732706851
593295023
989843165
894912972
692274538
440359631
166046144
132193726
518119376
476877866
124990807
270183451
909719426
894340417
447814797
380924121
31859596
503385728
971911540
120415851
997717205
396211530
835765049
32171299
499247934
484996032
211510557
671572245
92802543
231198726
285090402
653731252
645498414
682024765
577800733
536870553
299906785
407968903
386258150
953584414
232346237
477384806
962529996
639931997
129607844
819322632
895753074
735695804
483160232
438097862
297366889
706667353
787477960
215374857
632902777
659251343
123332473
89889629
14540175
416689030
297477223
269820379
303692370
905559621
382271856
317718896
452968754
806921003
215050825
685733318
301834152
385531355
344256881
128001158
429644934
947693118
222459045
802670231
794997335
207626571
879298521
658890327
364630141
551397256
389339243
850461398
845894881
381497020
399762688
102067169
770698767
765894553
944663150
884669679
404409419
469781759
949010891
216712366
424957731
890731366
23663762
973631992
592558458
255261473
841959812
963250230
510055950
570721304
228068394
519234173
41264109
272669156
846863375
775759163
22789784
374254766
666298737
540069277
748239593
624885328
816731496
503365583
769101489
171003820
230645459
732775732
602734081
883723989
680887340
75697722
14511598
586476513
547003006
122885730
90263763
754691092
586443441
159094919
119325161
849404767
884582023
853554147
546818608
105900550
492649030
30667599
501628424
310757647
31516897
314796508
684144899
542428277
284356891
884145918
140043160
208666278
161557437
80545000
749702500
538385062
584749847
323835665
695379259
523138473
738619327
585102179
445598705
582058976
926515421
308253508
22519430
124727524
695524317
540755383
163842434
434317904
320417349
672775401
267401907
377986723
739627642
490488104
785801655
842410007
546198937
332787799
477191632
118536508
90372883
725798173
829879301
996542282
965198137
74436682
81962716
788681409
183649022
696328155
728994457
329183367
616891094
546218565
547207506
360546227
935818039
554021178
394656725
539305877
508289667
583855789
875823488
667821324
853207891
637052646
360737756
317286039
704305443
461570394
472286173
542292069
806881003
569530022
644459593
281670097
804354398
859975819
584092647
642202794
244286214
575435045
254910141
917998463
211780703
106616317
703905064
823391248
731472829
524995652
204346189
736495882
261842029
124815083
880494429
704395000
723160250
607471800
219877952
631377571
376371618
555948359
785778747
482392368
23967046
419293966
74299240
37706457
177689949
371797562
334271091
371622783
34928446
999633997
681279581
418674875
886509562
992035174
337864532
524419835
161633414
536052129
518850054
53785358
286473518
707651529
706864960
580716758
319530220
995614932
490928213
105103193
668117879
815002394
289022257
386504137
854479181
346707624
61765397
496426656
394247873
313853650
411361832
185568263
558023283
899843700
186844296
79094773
598311592
767611215
269773937
797708447
387664151
834939705
243109854
240111190
338356321
849999606
993302001
488651906
806852374
107534294
362438607
617438441
302284245
576477522
263333712
464387569
558142417
229576546
539047329
720229020
298412501
2075307
68991442
981906923
412054353
887898262
633236626
886245078
303382792
111848171
1335604
838380448
817755886
246890876
510465204
747244947
750108170
622667007
142016063
856215001
41279374
398671783
391905603
900016627
299288764
376425664
962805178
938107836
463119646
798065111
79213954
485050831
743086537
776014706
988239282
168784878
833504147
291630661
844243529
471362583
826846524
751742508
167983341
840285352
794727857
923666918
605754076
380005906
44885948
474832785
661737108
960001042
20006410
256441088
203161462
457964197
312057338
978219964
142979681
318917886
86180107
701084253
191298045
494202082
356978531
336715949
776303109
465170430
835289463
84869988
291486312
427008336
361190134
583128989
394178121
763910750
596339655
209841255
335229997
791508886
863166169
558353061
581407280
344252369
96935621
651461865
25615492
153430402
88825788
2061382
492957499
70958203
506657298
16176166
668346459
869892578
130972594
382037908
529631490
95151996
390234278
827917261
469910617
159879693
151623377
964845288
264297758
330488382
225706369
336500716
327318685
375215501
866721906
68623402
917130205
278129233
587024916
982520048
456447219
440637328
612548269
153818548
14570882
310602257
376205349
304646162
928402133
305205589
45155683
903570719
400442341
540684655
398961524
702976324
757121045
322767818
790643364
169290372
923005189
385789209
333137808
807991190
497631176
367873271
307435162
637883396
952268924
161036161
264514961
816459283
57607968
867797708
728620100
872501240
584138015
172205681
479656867
707100602
912613487
633766542
600297586
571917574
897114500
144261102
126555025
617435275
263188143
799861578
785439606
153746734
805821566
483962306
195136288
817089441
351545936
845451181
876994542
194266977
965835271
377707076
626352604
175845375
159590889
925185181
676191420
348364816
580450267
225124603
108687590
299222000
380528400
18632065
153846164
864217751
723211434
347782683
527945946
269218978
885811536
620773106
592491328
459737552
586167189
919734601
117362766
401884317
110042505
935290667
686317773
320855356
481594738
334916692
691905802
336388412
571637278
691775992
540231075
496143956
588250753
389484050
978252044
770615901
488668740
971374531
684794754
438551059
270313500
938828225
984360566
657238958
630479129
39321045
614457989
586202459
333229376
418170293
663939477
156291190
693607161
908937904
681133279
425437612
971617042
396763048
209162582
898570890
296443553
878011526
42397888
758090686
14881999
473894236
757469140
594980523
18227493
241501065
276439613
885963558
314261040
126188
592341134
680190284
588224480
80388712
234501701
104777189
825933474
661034737
669235206
757609498
721514598
833151271
410403689
311879448
879008478
559043958
301469763
401800327
435027773
491632813
28228182
830259025
300485939
179953671
332370637
702403397
705321171
779542608
866776874
21493012
949564832
733701711
182007243
663650446
319144759
533771971
125170252
759198574
824747636
86630875
490850326
340425343
894141566
891400489
948317894
68280805
226833144
327521692
704587305
432703671
324668968
99387821
793896312
713542072
422885140
318416328
889579370
514555295
671516125
339061350
625990638
642788636
772305707
561050647
778284991
275272158
476096997
683505524
798013385
253626391
634621168
440268736
365598990
626214890
450884577
969017764
954269475
302309167
83245223
976715231
726424673
928055431
868830085
657166011
671660136
273382915
821821389
903954178
331559236
315269769
502724531
319540691
62532047
25690201
986427420
390549278
287385463
40434372
493843903
818005302
326741001
596817344
909420992
465406902
35844292
481326898
755827383
750328926
934971923
724967983
785763750
246708140
490634225
219427413
838957587
498327848
306440923
603928909
301271259
437149944
735392
408013936
753719702
933891829
539482729
416148892
799003128
59985537
826464917
442590318
861895873
644958944
720394455
681707947
257250029
757742050
730143382
93582783
773727402
540926056
9980597
612316476
314667810
583065019
648163814
163297790
616821888
692415158
387510281
642178806
936188755
493849884
877079268
680423554
762128379
396660771
397672503
434196422
265328776
935937365
787512031
751989697
885043941
27775008
451069400
636036163
420006437
54071214
369618343
177194820
800423483
777521378
394932470
716558603
562315333
985337269
895336803
279908062
852317259
447099892
983134264
529810508
991743872
559076495
665272614
876509383
686984870
482116089
359232726
481514293
560143632
608884701
405791118
664314476
137230231
213630031
779014506
636005584
31028791
785870921
931044733
442948470
33470753
29130638
594070287
195058962
799865651
850596496
143990074
314141052
460055166
507557632
147498014
566413394
241329025
969830745
716739472
154707228
432639544
769750325
155628376
19141639
402343606
803772890
508586989
607253800
571776144
279588475
971535282
808041708
314018675
772824875
582874187
423178709
802197509
208434458
492328175
870318988
551408733
515908286
613595634
996020638
571113219
703089165
343739403
567771747
647566914
429081074
105680649
839957306
282759027
266734998
755915806
87057606
902676245
244032873
204310463
276529127
835807938
749092238
391810318
153252912
645503647
749582903
745284699
492825635
771065131
414362440
962316827
536755273
62230933
268902205
839585386
36203847
71853759
296268243
487181030
453559918
165992161
339751344
309757498
970756722
686133081
786048425
721264449
224053912
15548250
748078062
207868456
929499982
702165380
362208705
951459777
757072488
587520865
807668103
277646036
732130651
152901336
881855058
683433201
809402291
320686760
399980392
843139844
847965403
453246849
327061284
690834917
528825463
563703171
612649954
399661362
292042756
897133207
479911021
145880772
119963931
134474097
328276396
653921707
135988857
296922816
315866136
141587157
692302734
830755038
539331623
785995678
892058346
680926682
611462595
865050841
129575148
971897922
855707879
359741826
141813738
113628553
144805687
868698754
375252011
140717595
144154258
45009953
589586906
127197266
914447787
147551491
144249632
795633213
322096287
460180991
665444777
167512365
39242789
999648849
978213070
8103188
661655763
883487111
494753031
805616836
184864466
487078946
458996364
776621652
411903552
645361502
914682636
443245999
670156295
94597281
864557259
592540895
47122474
52755588
315206522
515151133
806898311
848842946
343469739
714616087
761517991
96506166
344007601
412295457
875438628
927913945
242893254
713283870
738792021
136502932
305044459
212196660
742251515
373115197
149502323
94458239
235891498
479882868
875669999
979471486
643918870
315111420
520701441
299906594
396512468
221372794
591392336
448950795
568163311
95479664
636623755
898054303
15311368
437990031
352672553
779296395
28712599
413341334
510583928
959475319
928877701
137834150
825290622
46107611
591179212
928607009
109771639
981272874
964532482
229088330
146294218
199822023
884087581
108508784
415620515
404124888
169251010
590438602
177427317
45281781
43969053
327762171
280407386
830212335
525211861
474989350
148826134
921816138
449922772
305007641
966106838
624224303
559804558
811431575
212009069
784533824
933210000
809041000
473396810
45397181
90404274
293275746
66319185
823429906
368100951
983101271
881090418
203246914
930805052
980448287
788434812
294527734
658609517
664958829
702442650
256765390
846550185
472157235
324545628
298646539
975525667
503269757
804483108
930710573
221706939
396680074
550811086
928524604
579402333
70634858
928316468
714647599
211907564
481568041
77781125
990340626
745555060
523474916
259876812
595741528
79681837
919514769
74104091
141630293
913989526
768536377
481627722
652625989
206815182
251950569
908921942
390966490
547963029
634811508
856506892
40560434
514880626
20590301
960495270
511636923
723409769
216938846
246290381
895177312
424199195
449570386
135319681
141606594
242746428
582830675
915957209
776087190
113264820
891944963
658170210
880253314
458968079
516975409
635735107
591262723
916076093
954081661
718158565
517244828
422120927
860770113
251874340
68315043
694510009
441526011
452183895
702748973
561190525
348053497
412367739
471521679
326937669
882394111
193671274
856237278
422762368
280197969
90183172
300451198
92237963
784181838
411550490
738058192
298947783
977696061
895876949
955077495
730214554
132948734
536587220
258446673
468278476
847310848
356731384
572803305
36262189
494635107
638890769
814147134
355558004
214942084
9947426
951284025
412962202
377802806
349602214
217080337
387271203
789846730
578568916
419905614
207246687
118927247
369007899
668295243
185318164
282190833
166622923
319846906
20432777
498375931
785686001
24921673
89785118
136741427
821785799
318994380
574144715
421537624
939684475
69125560
834304531
640504471
459773709
918634876
900354035
373883407
888020299
800514360
232405662
239172965
370718689
323463738
287898009
526358616
533926374
773728527
558334935
378996414
382818248
498110017
135890357
618912558
527544501
32005353
434262065
835410980
115055045
766337995
739225806
547922563
191350444
499241899
424737171
16644290
32389604
908644727
352399049
850897361
263189567
874817764
61202099
569692200
492027408
909702231
581490863
316237524
61715856
884688181
731776010
961288115
748400402
31617137
643352076
18936935
607507194
649907617
799106346
709522174
217153976
584929260
422392041
150363001
903206972
828342694
516187031
490509725
997903195
107865912
505497159
273777570
415783510
759271879
937862401
858832094
925656844
405928440
778984008
160847197
182078275
249822697
137993635
224330051
397178166
504955471
800276928
431614891
914141329
543693858
30112269
748744328
180687121
783569526
812020758
777114228
65233600
542256896
425412595
758759846
165039019
787779248
961435794
587859844
791961877
36146213
654871424
565819717
519521459
25463614
395637940
293795674
589806111
712485729
359140286
817450281
249619069
967960842
481916453
434676721
438517793
978547775
557479574
834754272
146946222
319216007
988591250
126595765
648771593
45798837
753347055
317852771
303840323
894188074
723116838
979613991
435713629
463664963
851979137
684498832
386510093
900519908
361047043
549672590
399561973
497702676
79536975
613039215
170791278
966064087
798201911
262907240
21684441
214981482
703760291
785471884
660805545
639683027
943750318
646627251
268017358
330418930
766693023
181915168
312834846
564087184
943511530
140072429
28536596
337311267
788908451
765440592
992998813
466426194
533944493
967216050
68873776
359702049
855640547
207456704
828403454
522825991
470168651
585603831
318468818
223880383
242589222
953063056
291887120
809082189
139885570
797269422
385312562
657704350
750120089
801479213
689288710
189257334
833847278
12830280
616084878
605769002
560837840
390827758
463364233
64124236
191764258
353064629
546322509
682838400
682805145
228660384
557121102
839222936
951363084
917175979
117764546
848829458
114487685
743001665
514741927
592514116
729776592
738742311
402020616
205756890
589778247
383806343
73089270
204138913
269580082
342061112
58043426
903930181
897721226
33996109
573542713
512436354
910169008
76231237
120149455
589153679
20574792
322065843
264072273
416536738
28541036
590735953
689661668
332163085
323150367
261596922
294959987
139393104
43744275
356159527
496086728
20416977
852949818
233920262
868897414
827160558
945887108
24210806
163127169
47326595
980659429
929156866
324816349
56605776
421387656
675566291
898135354
471141047
738861682
165851278
664641423
482211674
280985418
280512863
746630845
576187054
915211971
129518617
507214959
670146333
961076333
677178527
707574298
613871901
387108373
528924467
610917912
206952024
914023769
394502969
325925498
274302465
184230507
87970947
888751607
794189450
368824913
318164494
286452422
499006966
79521165
361568295
316319492
580210191
438657402
203163293
532362260
95758723
973303059
188446587
211615194
99033165
756776991
114141070
818386074
557661171
859816410
842589052
563105502
878063826
960825297
852513551
793546386
158667336
532351333
979417468
585766235
220820660
176388283
282637968
422095516
646246273
342453663
745113021
934140637
187296947
14635552
199382344
331909893
641770712
696467809
674089732
969667878
557936250
928590640
805766956
603873815
635844426
981340752
296715359
426649
820293692
817411349
613134739
342081685
198792124
830856443
224288746
544158225
81738351
115802419
20024625
985606390
199560088
422872256
209448945
886056161
955204460
155604038
261664190
814832835
525489941
396780921
350992696
958726453
564116819
277854786
328210310
220075902
340264111
796652346
549603873
644172166
577794491
464738299
816865574
693659863
640055371
708779459
683215003
827403242
961248721
991036241
528309754
111961715
542562574
741467055
733936503
627904358
638827953
11535341
64091986
778266942
994330100
923477660
109885190
475498133
984744864
224471743
756340545
510200108
41502032
241866012
916776078
783771930
984382559
90224633
48439998
643340624
871584887
602152468
875947184
834691575
100253759
81619363
172041652
833002288
928118132
32669471
729433541
732907357
531939447
595752746
213343665
551939563
372812046
888216427
284211926
641888062
202841381
462584598
845103068
991955430
755751064
596707371
596866057
490899987
827972366
382388596
210383508
122043838
469839377
490401797
939225008
436156526
325151723
236429698
900209637
773905476
296857827
456945116
988390362
155076944
885856037
409182893
306399238
49304698
95324487
675782181
815561571
406760919
544452257
282601523
362080191
20647145
304596651
911980041
75951823
867941702
227980706
520230825
401112801
914791260
430493723
248455424
9771501
482231793
475021799
457095251
360684867
935732828
959253968
681751237
847491510
418595220
219582068
628458715
603564594
902191303
491472088
448132830
230333238
340052756
358768631
149305896
225058036
111956817
432887277
913945884
970788805
309039133
518572539
174782049
876465263
913572456
146323618
60118460
422923277
640982284
582884018
537784398
120587322
130222713
795498108
172398315
117901483
75969359
134350687
10709737
698466609
556038879
792349595
178806966
193109012
109051561
224295653
853995469
82610725
453188502
798183450
968198539
84109217
436038435
295167972
413169459
90018503
333088236
477729615
255850480
946811623
522494478
4795404
995899523
158599116
367959598
942657603
33564937
660499581
596965011
672243582
114335401
258392183
652023550
347097546
767064392
877814743
587230281
394029233
590364585
303432222
111334785
543435099
217068251
862559219
84062818
655737010
910262837
784324232
645009023
366397514
471382653
16055493
778855473
158478220
534621436
200798307
996009406
347368404
648080975
89501569
53085346
805395993
627055404
984796856
248475874
25996006
792327952
835835205
204899173
367109608
694642859
287015596
795234723
982646648
944348256
936286102
316647983
659451379
761212650
446985200
957690190
705000222
253130200
489815204
189340695
989878308
590646489
632749680
721575401
710593283
428138447
25297995
988551020
331191430
877633054
397774733
247382132
791923286
424909090
477347646
607751417
617848655
369604853
77473611
216040137
334079497
91103157
978521536
43964157
284710072
982509824
255542565
200252677
113464566
420773756
505537383
680456104
205094708
383924960
983749110
623114257
713772766
715614832
45877783
477097299
218327130
673569403
957406577
273536828
239627230
120935747
545490244
596062991
910892398
249607341
382468109
818544020
143126777
527429440
818141787
559836355
167443796
742481888
793540080
58585664
228002632
520019892
206880756
964720313
852823148
73217646
82368578
458264174
60531719
408900509
996262604
391761288
769067754
652102426
375739950
805100260
864286520
911886537
370563618
173949852
855101082
978604375
665227691
278808731
430848183
301567944
322484838
964707398
603637559
783026354
302710585
369827104
720868530
514375443
820963614
812555119
458214131
601898480
817802263
5413679
307920315
492038969
23470145
847706321
60066633
800039995
639935996
180789765
493912875
499280907
814240947
883197714
382020148
393934779
846101057
869986565
766232804
127099257
422112995
793805478
271369028
114935766
23030600
408536360
19574420
157918336
820084500
385871402
967388814
411174523
644883642
749117191
765658517
329646546
668452897
292755076
553452376
95325000
685562500
959414062
753423633
471707629
80872568
37225491
573718019
523653252
127283301
103871345
925631210
931369260
486984729
541262792
654100036
468570952
587370581
41994242
351636115
479573722
909548329
781627866
421209077
170865471
500918005
188477331
370430088
184500956
60276491
325536727
741606258
798419047
729746123
294040335
971860691
132027109
115751089
831460468
265098467
719720575
977060783
477736765
324166326
838069123
598549259
612154494
331245243
234110101
753939023
240504021
218411716
367768606
537475591
800109207
747431261
534899200
171541606
652258905
416791517
151686431
877334951
166162461
996344557
24762635
188092143
865425833
618724237
196814512
595213379
789665405
714518538
367411456
911780000
427684000
136038560
648980687
759320989
683643359
682423048
12164416
973016621
613447422
177395584
919322270
534361179
418696222
65263170
928135844
361449175
455061081
805874408
335614693
372221574
489001510
224767822
57380662
254037155
487612049
655103299
603323606
993735568
103791082
258870273
381824309
898029433
568625343
347807018
697217700
125211932
802791517
742197671
573828378
790073981
168954531
563354542
683399920
354506560
749010830
172234572
474779202
152906517
40294107
361505892
865099507
971570116
484903042
309601408
303183558
26984153
144513127
404387531
292752282
389861620
920827490
232663397
225630357
905799994
736291304
248843460
306758477
76321135
491564768
359211388
328212688
235685641
772137358
960996192
136810385
708144384
684685907
947912444
380014900
113242220
380039052
296810450
644322920
520252373
625316121
202511824
103885980
229684056
476558061
75855040
398709340
691378032
35831321
388356460
207400237
485830765
315322204
809233541
589238793
23551760
685399097
719221684
798307357
946362403
17978119
212762778
799970227
523640864
997544506
950414507
877351160
450579533
219155584
916999838
887028920
203049163
896259500
810913402
805455432
584529383
745995903
98872927
585569354
914683439
457935808
52042486
842034906
227829224
615530844
782199153
355149539
311950519
312630436
778951355
652134563
794882592
383350646
577177886
343120874
319341745
791500996
738266689
377040870
598176503
151287413
788133223
539771963
537720408
432371796
453699762
434740388
992049583
623751304
656892417
76475121
844413196
336455789
24979516
976219594
46957095
496877083
868356105
423250907
413302763
191739034
385715925
767747986
369700070
781417580
134343330
813031548
202980432
105577490
660639470
445093218
79727095
640967713
396091084
881468242
862616545
73037077
441461670
884060791
634821835
987621927
970706911
719070631
625723667
301074439
581781916
701977846
728962747
866865137
551657460
259531736
672199117
516528955
21613533
144808742
957175962
858222306
455265159
663649992
313118816
339293324
199597109
900592115
661576001
828050991
684436960
539522140
841395501
463891030
948877144
678344055
506569538
126968295
94793520
581143399
276502012
336264004
734803861
367141405
928112653
930966586
987842484
327731952
82323617
717791596
247752882
149053930
707404844
216133146
353679985
895317896
941348978
378983816
287327899
732154375
500288316
883991261
405495243
263920956
427101595
157724515
702263198
735992651
851823260
28662770
554384072
416992873
830561327
321179080
560014296
160117243
753150592
358142299
659063330
644729506
761359070
676334712
286426561
17484628
712216298
520551368
737267266
630215151
711365499
408731675
615821483
360989243
132335617
271552677
85638586
396741207
35853318
546041160
609484141
709181305
381233615
390692059
402849656
878453393
803636732
319970196
809263282
70595934
378589733
301859330
905510804
498161607
649866888
269721188
951925613
623726854
351884007
223543823
184080145
549978322
761546699
533747577
864759533
90499143
9488373
29222187
936213062
948974594
527800574
734459147
302386119
736496388
269295370
999630343
608226462
394290770
652113071
514573690
860824402
186510786
627329433
422175081
317990173
177501245
669197655
255014574
243295240
257380665
480671584
451716650
479318872
465810553
794712861
685314388
558103998
800725835
618628364
10527453
827266667
701383292
385222967
967343042
525609058
648818516
654667044
889384996
56711099
614874978
712385705
933926883
194227900
447713841
476834229
708819460
250268746
444522441
2005525
221305256
601633322
626541407
541346855
564174183
925087637
871361302
705186231
876203919
333076709
400940782
535106707
391878763
689648904
156107884
967144695
688610666
846493289
508883220
621315975
335407902
984607240
514170604
714100177
390627914
901671959
123216468
229798639
741448625
460635143
847349666
14564703
130573478
943315701
445117531
296164035
313562748
159693331
195996587
466211564
532224073
624638807
736392103
733293607
195140670
988108804
590085423
8064370
34063496
32175974
529330284
905495595
222725644
671249521
759194427
761779878
85825256
597456746
545633409
158170169
780236148
684466458
943321270
550184344
28123827
949645125
258634362
173320714
6990146
862141101
872780334
455114171
289086450
97557360
743849016
113586041
178871005
483642971
105233977
418991523
538963458
816090593
38559830
686048962
631782612
492688255
417166149
275958714
321183253
586820076
578015966
24569509
660772501
202980777
119583152
13024225
630436850
506218379
570472373
387283562
885573954
412280031
748239613
625184623
558128356
72617712
333209611
286448627
281591018
350141827
992990148
294340250
618277006
664561483
419646871
34963400
243933956
377488980
979300214
289091404
383986669
457619697
157870823
319675469
924054803
772789473
35695796
418985207
486036848
318176137
360541562
902179293
274767179
700265561
718559226
273612697
390795961
214831339
250421653
100429125
600914826
986281066
503411500
231383322
824169975
561476915
563260779
627051596
937040461
448255510
330022453
148194841
171089901
175422418
302473696
33677190
415312629
845798068
743718325
169469408
988024787
929797263
229502822
154530596
970510011
896814512
762689337
950247734
707559721
407587815
278269364
383894096
746769436
645905437
938335461
734373700
47312516
847417025
156142598
51091018
29212027
342521448
209423400
816046756
323079781
805448910
479466201
878379013
496904788
143683373
491167665
456751415
218551045
455927059
694831283
905118354
392347476
365419235
312173079
203125234
986068755
315895872
20194664
824454072
245168373
753111946
776032079
257876370
22220437
747820470
354553510
81914533
999071660
441818151
32785530
489097738
165973167
709216400
879020289
766684736
54844153
788111828
202534335
15685389
31428081
724275342
747710292
706807627
770215853
324602125
665395545
512313058
646693973
130947145
715478365
92907830
186487530
759884550
245293287
879664726
100301686
42821444
367606624
346300086
237495636
417711904
832347433
22492216
899780590
51101407
135379737
767319018
784753844
385956727
625951165
148609648
482747868
455040585
619339971
819996782
947224903
350168633
180715370
804495423
128856279
394063772
862564028
167023995
701490576
890282168
23386587
932451508
658147714
584134434
130369845
629648532
572738497
293859458
338105605
154001324
640779375
982074253
698384055
402882782
145360320
962263050
501773953
770999092
395998648
149292178
815441198
443473956
691496502
674122782
415252114
343181814
737574603
162949906
267186540
864715717
332712268
974532777
141334473
543325818
29445053
11146172
237150253
24249796
52606041
739554969
415521725
583039469
350224118
569328288
346995170
56480033
999412768
258808414
179515719
589336808
178732636
535517150
786179441
781134510
711227129
440290255
555086479
209991686
650818912
652562168
373831048
496524487
365661906
86294995
682616205
648833286
846330215
748328219
951233517
452038641
389329571
775148550
552745671
277768092
511293332
208713476
131506400
393324096
38444942
801356538
723009953
433921370
877553426
154843
397635464
139622304
438777426
256295671
747097334
544264699
240625775
76359435
76331351
647514548
750898716
488816904
419656361
114613277
620326467
49256607
621333315
550883288
723969976
325261494
950394791
502587599
942946685
484507524
475408126
128862668
558720407
684931982
318199664
510261697
669994253
922990530
115184696
751419261
309058017
685787197
40795691
428840416
41023950
296447360
103725096
889554020
63544981
796461029
501707157
100713850
327958182
565691407
67679536
51959317
977062310
507576225
336241852
585830363
972142127
603150880
909840447
96389971
102650938
721507227
726786132
180816675
466995805
850818875
927580562
56990002
786032796
475563875
609992050
903010632
282015050
248842650
266445902
341869259
745902492
705275718
138384004
13256307
729675278
260113243
889918397
547533190
925941515
676892004
827850791
369321593
984390560
247746171
816524516
122852290
268515824
74773839
112699879
126272661
478491602
542131845
69373631
270067812
662307846
516828731
119371870
964334729
414695555
724033367
243165293
935971977
435417292
882181726
445976883
953801703
376886457
434014700
687598160
912296353
846356971
201223602
93800185
847470603
64229491
542751411
790941424
883361991
284071434
657961481
133104797
688698441
55426358
208116114
231690646
55544389
517914938
358830035
589940181
294171583
692024472
978698468
506912655
604397991
969315248
720500053
203263730
614393351
791897530
16980201
327226000
768550760
702706965
970786595
266130316
534509425
3254138
589414123
90083918
511228223
542959917
54714686
369686407
680395205
376349869
392238963
514040953
381013611
713717672
929153250
257619855
798969022
514981156
55910350
596723712
791884630
812672302
362704379
544665457
604600490
417525082
271940991
190258606
833715706
818784310
77463021
51962244
7480151
952658982
591359852
64745574
198935258
523687552
486521197
28751303
637424197
96069210
929311002
189384382
644414552
701148293
89287768
230551442
396740827
32838086
833989214
380090683
689273034
973153995
286979844
743086226
771392709
467114983
964073430
375784319
138544062
445711545
587813462
246661084
169036005
317098636
515449530
882179772
411501259
332861585
968347687
972429182
185140051
683848428
486724780
10114660
306346915
843233001
418939754
105174815
174171028
554699457
914875960
980221859
348928614
511776679
153691682
113311598
951824131
691763539
367938898
790326614
161567967
420796051
693165371
782315535
175963023
298546329
991055937
918702629
145205315
458350424
851111809
913114192
775276318
533692516
277016344
805484312
49768781
693156222
655480973
553059650
749764581
469269221
136017779
83620409
237280132
186104193
477065218
912222253
494388683
201698784
239946707
442220014
585407821
23168879
796954116
358630093
155436051
36595047
919746493
336113857
725248674
856391387
62077277
358831973
603848470
329747213
332244812
866151009
175703917
186644914
632392206
199022095
979429818
827683875
605969350
988531394
943169235
682058504
38028787
618864069
927358992
947000432
98182081
972102949
841434544
120918364
125075243
381641150
499673733
738394501
264391070
263789574
493935110
718928907
587733202
303167331
43058566
404010597
245624882
158265751
804793959
933164428
958496845
162018749
7502752
291287573
845018423
561352094
161734381
800999745
5914900
986042010
788454848
610473347
777073973
439595140
438871116
78564590
239480186
75948659
819880389
38522667
399587279
699935386
95445749
989100217
192392694
494870457
967692113
280255624
321478362
483372342
488210105
491066241
460530498
883395881
882825677
811759705
538186616
448336415
55410150
28472302
671981179
587049302
268829786
945384080
510587174
992622533
994930193
860889430
306106857
140790241
189196083
515782254
313335413
908103988
528530215
441881679
594182358
526745584
609102635
60199639
399653573
229784116
73996590
549533162
866961377
220292097
860800065
767519040
854767625
276927481
882973300
418485128
298023571
804887159
433387230
244911270
153017301
429440532
191705244
90057709
39095032
842152708
211835917
445573123
354079399
722207962
843403761
299040689
533367759
811663406
974846395
254938444
361022914
375444330
584449291
809737504
748253841
838105712
211844870
824894531
509872737
702079358
154249296
284531649
825928265
574989259
126479653
710262300
725348012
297385123
791138172
996071955
593395375
180710713
636179296
240966590
489749622
546922491
242111616
803460213
483138740
230420887
378516586
748058770
919233739
906669159
489638817
461711131
771684892
975725410
400757196
63301457
707445832
796052141
990111906
215864029
727901611
407552963
994176500
869131522
896025340
614099221
178532328
379214109
33404646
587037438
129536136
961052981
228322889
134164130
1377865
985119582
605908398
249867669
385201149
799251909
36140401
612858444
954723821
975743848
760569098
653528325
992715773
846059629
168958236
688551223
27866947
566735100
886735720
2371239
227743951
730721709
542160038
375068041
760353795
378935709
922715553
39917480
340520955
545207941
516989294
779301106
102138128
219719134
649784570
199874100
965585081
545486497
555184093
293771202
151912452
739307265
752320817
866116915
585104491
472653883
16931149
663806460
390163377
274607520
929004055
485342064
569190877
782544600
760509891
752943088
232937669
995763915
457744161
297169295
958989079
600536412
439821378
428445458
655104808
623094647
469391200
280986374
334237366
146168306
517367890
695336030
921946161
847237826
119338052
157065515
957600221
981832592
952387134
412530087
810726802
779474811
809809834
919672431
973803414
930891180
583890017
275519522
100700310
55243409
183423794
428820535
870512376
917967691
646817198
724876285
456285554
965067890
560323090
619651871
684412338
202484066
979698389
89334091
57981479
185190702
559610725
641635350
959223696
100989679
891526452
194146157
273027786
417192806
498373781
764255882
870531715
254668208
589616593
477267409
841796935
220797753
164772984
13625626
657683891
481004808
656253191
682506976
157722886
650876816
406296062
764899967
719595166
172029305
408177878
91800885
740248678
681052807
329259225
116372476
255317037
678938245
571405236
39437282
529921154
164294566
270441712
871958949
124087411
768556868
796593499
612026490
764244617
698346134
873228727
284096580
86676769
286228427
671242289
662105419
835858691
597513202
220265642
695304567
484408910
519920873
177141810
922085007
407601341
388531849
569976873
736357548
224384965
861251805
546716157
985563248
349158083
113669242
69657685
219307955
597912628
995107218
383753156
664847399
220639570
181984978
853221766
873819761
609747140
915747381
932658083
510997852
188047486
185699092
415276962
549551679
70478917
727774149
552119526
359709904
912150356
182719509
641896920
316559054
96346693
268525203
578464619
213154348
477607130
85706268
556437448
226335367
769835502
467001395
903029319
619509736
923129987
689728986
260741285
601770345
275481214
989926691
548535542
912408372
890372956
640007761
99341402
871415132
643322785
642057001
371925331
284518394
71652433
407115481
430148698
279023910
434235168
601811279
768155316
625894990
445385071
678614696
179056271
114818442
327462330
315775690
428639497
318183884
409840373
691313407
142266979
989331378
765754953
806480440
107001025
921935105
643378313
356536387
181952550
673045150
897739385
360033801
243378625
315510689
699487325
825178356
193192108
319059348
988675461
791671835
442943322
987865043
773431813
967693604
309112225
36764445
162441615
727828380
341507334
272591757
626598434
255974912
315557340
643482787
700971652
612569076
408728714
591616480
100594075
916792510
85063921
587065589
460057879
532520299
778688470
557333109
201943876
132905390
384269105
627450575
942240678
174952778
847452991
765719548
264261893
434809194
590351869
153292317
853445122
685762655
704189926
834518798
216242153
66873407
205256378
18070967
559848315
301358083
669418943
217212472
125799235
544752658
554583980
633908726
402728989
906385809
352347565
488065614
80435691
990038664
765562149
854039814
840038971
654727987
687369610
769807515
36101504
331859106
304662351
914811684
804171829
923305572
931792862
379376741
267116117
101996115
320747509
789645297
396950742
698915743
832158132
871566537
282284181
435884284
951090381
729128307
280880686
395976783
976126750
234320655
616935962
99812088
245291091
771932397
796255381
226317714
970767018
886032366
533535995
606579606
388184151
869350875
709438632
31725740
652257854
403081046
743296444
896036630
816423017
465426873
221741105
911764662
147988719
66095126
856568095
89013719
344217021
853575461
910676213
311649240
524879257
982344288
3001662
99747622
958809465
155901735
535097601
294425959
664533306
45147832
832673430
450410279
694194288
57094918
982966142
224363183
883788589
822700466
360567566
89696511
546408557
623111628
681009488
739227460
572376180
144914313
15811226
994867623
615872936
994732972
936855839
988630683
906273690
320011862
75918207
357415409
457745906
313144597
953863029
546780930
693854116
335342901
548612510
756861285
390047318
369102789
368688475
311915978
157733169
975260278
326098446
401964836
757293805
939070913
541796426
433672263
716316955
99800204
8071844
154665560
143545011
517018299
79215008
501749244
523038545
693195557
200802445
162191797
617901408
21500083
253569006
724080382
923995972
685562722
962457960
253247673
438387991
840306530
150643606
349602868
221653138
11358524
16067458
163206581
638808170
758780587
479792080
4400307
362701694
525188304
227546583
744743497
428763237
379134027
426104292
648676608
813417663
482944803
356827447
258269325
304423595
372519272
706080114
491273862
500074843
748486014
313131536
135883771
439922118
314699056
549584729
433743500
334237922
149885028
552161856
827152213
807834707
969138337
291162431
556122582
723262103
80696359
190235585
957780029
425839512
392899803
702551974
792761712
711320131
763287658
80488551
840684207
499358992
594028912
703482919
882173247
296377225
945949870
211565530
997348418
38668871
528158441
513387995
672334101
331433674
482802611
983611884
923383460
370142015
51112682
250626123
345353001
686952997
44200872
371708556
672506036
643684564
298179318
90568294
261587807
818077106
501513613
159040243
379889349
159174836
662841562
589363145
489166842
841993122
524174953
593813525
145024729
217202152
677483343
836800424
349496065
474994504
197788302
21240804
171754566
963094184
504072546
891316309
447626893
698353368
974265969
941783515
561891257
217846930
728491042
991982742
297604258
829437973
673510543
164515321
529084373
302737528
1085955
792982620
214356220
858905268
182593981
56189742
728710602
191414672
957665686
235661418
630393377
958097654
511146003
702363828
149468828
93054369
911558998
398068347
584088833
597648353
835538436
244780333
741142359
919963040
319949660
677849341
797290941
728446006
335836573
862037643
88979489
734946270
460197869
820786321
901847407
287455126
44946367
17590649
430932241
25963332
94608542
77621936
516494838
669176806
975976883
308761503
366573481
761169724
793487342
221619142
504410081
295298144
99384984
737504468
128403199
738151343
674051727
457306716
294324987
719797255
80883055
206858613
48577228
974708016
557164546
323313193
314207678
646491415
511496687
288608119
464635271
859350572
834055967
493560883
23452277
9296484
424614762
976961083
529576965
517618586
290005726
332111278
979009747
600847210
173697647
87257333
384216227
221090901
118650499
794091294
809832065
279735021
168197387
36099362
316393680
49607439
89800413
411417497
643568377
802558744
5375708
898236501
288117287
157106824
255414736
668736594
86321547
140947647
623919483
755212669
461754181
169236709
106367315
400570030
563489342
202385475
988049097
410180825
483091976
778572755
755348282
510271203
767006110
983727773
203313715
646670710
830071719
190586836
334205649
934158235
516080183
387552853
972138684
536209292
204048271
569689808
464773390
143040520
59036187
527137549
739955657
343743263
594308578
26858843
397447298
643546875
525803222
690282655
901437938
903560656
218590711
189893548
955957202
541720556
611607929
642588156
195382314
424862399
80580840
327177510
451230498
89623253
232747830
155236970
851685478
681534360
890838606
934219400
658873363
141084709
489511361
213725480
858080123
14974876
246911215
514809277
285916852
844625758
926710770
928512339
351636752
484053571
78595978
732775777
603393579
838111784
313624796
51266604
826468569
502955449
641836787
544611464
16467202
168741708
376401875
783715035
92560850
751095272
441076207
482203815
205192005
375891592
944889362
159064207
142194853
937621969
349567514
974468441
887425049
232175926
566061395
255029093
983827640
168252279
882938869
810463909
517477915
833925127
311174419
951903998
212214083
481702353
371568857
634154922
524650968
586382233
441231780
854836819
459871180
815021945
607708315
93961201
870729336
695765710
899232118
184020427
351755326
318093693
835975263
546403479
567618633
909125287
87874628
195024613
459967579
701737311
352536495
819803068
770703022
831481199
609842904
83675591
160452919
513921562
153718885
949560564
652647039
481575154
146289501
61810282
51096091
81051548
935343319
671243979
684793437
420513582
316726464
156529979
163432574
20624426
366947829
507092078
423755703
688958250
634702430
471746479
447404488
707758825
225543653
993940858
184292017
354752992
496853329
632305383
100973707
568950532
47078630
639740267
676092212
6791270
121348212
538855559
653134652
848736431
535293066
386665076
98809980
341214760
275124418
344537983
64217297
386123398
912784830
761458781
194751620
819349262
332131399
112662016
272984918
76545546
922061243
969358427
557599959
177142768
956025470
846992887
969506285
424366545
869645152
826903971
701772555
847189512
300692427
593565515
200205972
243122446
852374902
429735595
726816100
616432192
886473339
349807578
653416262
528114460
48828610
423315453
959727485
768454644
225398851
464203212
846220311
888147489
59622170
480315550
30275718
619100415
853238531
159907830
51409530
293977482
275992306
175297119
907992970
512335694
878633464
967640606
283423800
905040644
985672919
511032499
542150341
269922464
813657183
380114474
870133442
322068867
283550906
111629342
110999535
89677021
196809543
399621586
974119971
97179010
375998458
748404183
88211318
123662329
237161370
551542027
986075472
448364800
309938790
205354666
53884797
357134773
452460857
208271171
688066971
361565811
298356840
680397478
407280687
775580031
243844859
31526072
893215749
343742616
589860545
354625476
592282282
983015711
198880728
354396980
972194331
618172285
369739421
72394414
95117840
740348626
160880200
243875204
511512604
451440508
985322632
606891314
170670086
827825524
950981858
664942451
484631418
676113126
289591494
323339715
485712962
170814548
760980844
918449349
492066785
297209002
319086983
165027200
397673984
445975504
941501680
254134428
430749488
451214122
941838922
605549941
907310451
122544938
726182942
416652517
993199224
446985542
960747570
358932609
326178035
921105164
347231474
696965362
607158277
411733296
243070350
319504912
833887921
690647897
945176305
582475334
775147184
531568631
652094632
274090832
578418645
681288836
544780582
858825242
807962963
41495797
190116866
442273766
60840918
161730308
669252577
990118211
340717538
884407007
757540306
673152145
338103181
137610023
651843006
993044711
377980450
692205822
489000106
211036680
648030542
435833648
509687289
811325681
493606501
473778294
658718655
102664450
998929380
599062271
756045356
45803291
794146643
688905881
913128763
41378179
215369735
412275397
710029715
421961829
517851330
699999827
997578000
618660840
412349495
321060267
796950461
300372881
386764024
864102606
733136959
898006517
157045744
336570851
799377428
42723958
533658718
916272974
561628828
269404406
873397221
227056505
465646281
264590091
791625538
709924137
922802951
652863743
310669239
537606083
203004786
94313890
510984693
53564803
918812042
155685242
789457659
433953537
156722748
201974067
352374052
674725228
541332996
414125583
999984950
699002265
41664751
595147589
6526925
600749955
5084325
850360705
133286080
517912176
330220490
455720158
808624075
728946696
632856093
68344472
96685295
804626923
244852164
258221548
836785151
93889340
520816563
498922951
241110345
419846601
711683712
937059260
800567517
83492755
104013749
885998103
926385195
895295151
534074041
350812700
695504812
269435151
530059439
630088729
118064128
913832040
889973305
524836126
529591546
672055946
591945539
995211420
457704984
938523784
268931336
406348274
189197827
581774152
611639353
26981382
994974629
745123536
90839011
172591945
797947888
208319636
707074317
540897610
702245037
480919911
839607962
415298537
728748343
741474252
840663789
156061358
514746080
635268753
663885381
437991055
361642600
853701347
59898696
785378250
189955730
317935983
832892861
105179047
263192782
44049689
37510099
700752698
543437542
243620550
97238230
527337353
846838690
357668809
269769314
548277603
83299514
880903263
905587640
889737207
322975201
129804609
923651764
325811403
530703248
459374377
248182441
452402071
676338450
336989484
619123265
136172642
298842926
709442024
79854172
668878580
985547828
45212755
419321469
304943643
62540611
132802425
648408588
336969921
487276587
384722383
113119811
609164067
808605239
424325382
520298094
101066200
437678244
622452709
473749414
385072653
809480884
593015614
675184477
740779817
547372745
169219688
530280681
976006418
885279771
202729418
921692261
166239872
569504257
350987411
921626804
959658512
444596540
660833799
13099007
583984386
377630917
51094742
67266004
471529412
399863810
910665477
116109996
153117112
484998722
237603416
538329486
986354970
961268437
370079724
590021159
249680677
44046717
11327847
320117655
753130426
54385669
780099257
548507719
607178025
651540429
49306215
110283762
250816087
870949799
535523781
857200165
921228760
624282511
286535404
253774544
151918240
915164469
260053200
766683024
28592897
553758852
488661683
902404323
335621690
419187984
185659299
937530517
634703062
479769121
784094651
44217268
516678938
571249728
262517400
538530276
148581686
651741460
669306829
716313460
49729771
305012371
254646304
474014086
893537264
88421566
837333389
272043342
757992652
528604859
230969584
694873313
489211195
275933133
909388719
878422444
259901229
864883571
235913857
534792461
29763424
861408203
240921956
338888286
452703880
408029670
882116003
286427486
70473628
653224348
20488200
766339240
758307637
304723325
630479905
49106088
140787866
122321283
249627476
387677413
937765503
41386168
281490172
671693258
718328426
957275996
773325177
318293820
109558501
306514136
91556782
264433019
482153745
722338175
724390623
417746903
124749660
247767011
849173987
964601974
569682446
380892805
793289007
74486270
820441851
248308723
722191789
609800990
572474049
265367784
6078507
948247349
730348855
94499998
24962200
111428840
638638374
589727453
784688218
355994680
322121883
625075074
188481361
522344441
437150436
5036949
370855228
336001349
969065298
875517878
315546976
989406274
247750305
21362759
367472092
357383988
233148787
835687957
743614748
628934431
585184972
414514546
223088455
845875428
52396941
543942615
735684130
311391338
456538143
270760138
105232977
397944828
600861319
343246704
182998068
829289173
205324550
817083270
250701138
106059449
860672218
566668370
130415584
822455006
322368944
217360556
561130462
673953843
137824944
571518860
338073356
935940371
843780676
658291910
482387714
979066181
705867779
493214303
603486837
963624322
718339499
116358235
923885231
639200599
774057619
651975319
718165851
621895425
539196359
327135588
176929361
399878386
27235899
794194338
446465112
310962331
757130095
459807547
229802781
931815533
801875400
41571251
816890970
108568675
715719125
538658907
534180904
492381982
400161982
296118381
609556606
592559182
263841725
245585097
203986849
63456494
672663077
756151591
652285718
766579067
434659625
289896051
972038539
589213012
719735101
186156114
409877958
999404542
94385702
866074203
845251020
492868110
189738549
71697662
55473626
732318158
898845365
229901819
484637950
739425802
505166633
933270965
946941120
974847468
275858660
800029699
475192820
82161795
56055762
224845340
542691971
145753878
419295203
84672588
944715861
880580249
215749289
775570400
94453561
147518558
172495439
467647580
942590798
774124742
691161765
45853979
258739013
587684821
734488338
731186580
338147720
438805411
501887228
907896295
756824747
836976716
300231261
881008165
753867966
169101609
535416638
709762472
627666595
653544788
207899219
208526080
312604016
127081932
981744085
214484324
352524173
732925493
797782892
575427678
170126084
288445717
93165564
982231543
788040641
80518676
325718479
925275620
349729663
108371820
445137011
469585620
106545107
185982564
951411201
832733882
457182307
156618338
930379788
65499189
14375965
668369681
180304800
982090304
13652108
380052843
401634723
104507192
175317972
639130619
879481433
875909917
181826989
105392880
765915469
265056534
496621609
330225257
487203607
673546738
652082704
118528559
901929861
774741634
245994529
330829793
483519364
909753629
516654786
321678967
773578101
230783467
100864054
355738931
501870290
737879846
666671329
506609106
527862821
391577940
332830946
764386152
861893693
607380331
108664856
805092950
746581397
837823464
481568289
80169703
718127910
76951209
148856656
830403550
700558526
822483512
791275118
163123659
932812554
392609000
418268810
487974188
188081542
466644109
567244644
664861466
407689716
109045321
88203199
980431383
456967712
194898105
527133259
694727439
462144994
779954792
294775637
267616875
879178476
547926616
235765212
523518940
720805387
604059282
876161703
593298038
25618946
330394150
602943542
409148395
24091310
391217516
511448252
793144738
785754170
96156723
611537809
784918365
968397142
930246337
582475019
771477590
776718722
919731053
52098524
425620297
526372183
676750361
910511136
305287800
64082884
661602175
174379647
826128784
887677533
714025929
330272843
801508233
154475667
273169509
158064730
445886997
152140936
686440695
8277520
517337350
379337050
965975027
77527876
57155707
677484266
849306775
219980609
146833601
10638262
172618380
710511382
264239515
252128743
890304676
424161074
126166968
810381431
180637096
976045131
640977488
521401227
592395171
320386241
473434221
399616138
930577500
744835062
792695845
667026802
247545863
895428841
928092946
565164149
105153148
718453430
753310787
771418105
858927217
559641033
980858173
827555408
479533100
519939956
375578452
591736067
515729886
773153135
657701603
713985887
758468351
742394686
498698010
997051779
122500070
626715000
716912250
631742000
979545640
96608430
318874706
810781265
662596750
344531105
16823125
17534765
467983605
86545487
12132006
185569584
607050593
104224616
277058034
115420394
186735111
168018
823004832
369534953
560814887
133374808
883940903
515199964
310029056
801556425
927024587
745849025
907680934
846779471
354725070
298752865
327434570
133976310
965164121
417804657
607314108
304257758
278330318
776591798
948207208
969093031
413027327
915728487
586619033
218898778
667500989
575703159
341272825
671410834
925080125
732376700
756307028
3206021
278570652
160815570
164755442
435566861
184904013
949402350
648221855
915732996
669199631
281461305
46621230
353908671
513474089
556400743
817868109
82437192
589062484
946100562
62734167
557570918
853285993
969858499
255080825
622728268
904957662
483700125
658109250
77849355
52207391
561167502
89653009
766202275
659262151
265837411
952908718
350248404
739445045
789745750
983496430
652278227
668854182
659167788
21727368
78520207
542290732
792380130
662704188
768407927
507422764
778614253
401549747
421993157
782245548
80973658
673328990
719287744
748586686
820264564
339549541
938907933
481066503
249803086
158177512
12530251
7190123
697868755
207992052
69369517
212988881
426342963
683220996
909293752
151274262
390234364
828588464
588426738
460259933
392059251
104562946
340967619
589172065
237221763
416484082
589905593
886086526
493315587
602683771
277278267
323735052
43838934
185213425
401280023
256568588
744034831
878297411
63421693
231114298
381874003
277541672
937969655
870737008
829371007
562672521
3658884
387432125
36514820
333207963
275466066
155351751
416653876
4523858
465291204
959045197
676898887
921032218
3465939
12733151
133134388
476526813
778035079
385841545
736978479
372785091
687240718
998044771
933649204
8361298
911304244
754251324
950597557
357153743
587961389
985949548
965112014
411995671
404329227
821238064
319577624
298577614
859158193
528005990
903254758
691578496
808161296
246803523
197896521
303302390
233977971
569091327
649384666
4444359
752326920
957945566
597074190
975883641
488807714
329812659
763900366
437691749
740671426
941612928
349061767
441171811
325668210
597830046
7639003
354366834
758530391
683540706
278967589
291571247
379207713
984895986
201032389
402142704
187543804
267841879
927214625
269608138
854807582
960022446
430968238
336221648
449965838
692553670
305858304
930212575
954346881
779692744
207750462
25446121
505073946
996909280
281125501
154731250
175972656
637565969
903648269
801940666
88317845
4174544
426817607
732696452
440907733
996290191
941446828
221299512
347401143
875541577
730530556
748932496
998835647
726497179
981510949
637430068
170915904
224624013
594721622
938076743
879757574
733890103
946832813
923757734
283511248
862774251
794081886
660416733
502612263
190869179
104349213
875825371
700804872
274686189
250242734
142591979
247247513
133268468
48456306
801359116
764327963
972350237
649833939
841482762
932387431
463214867
680130098
769502054
334111102
302284796
609789276
429611246
658226896
626466177
598709249
527648381
128139719
978758539
682776654
839592474
155223974
448210435
925940428
656762048
363876931
64209139
281353112
957363208
443120320
556179969
361579168
394947315
833816257
495504374
245846531
51680473
87128950
145392810
906919969
38301709
702091232
320980512
284890837
278900656
557591723
85295581
533613812
437003571
721210667
448261945
387713351
216425436
996934779
789535797
667747444
866489685
43742113
337244970
341697903
574569145
297023860
317340929
52652185
225258527
140398620
177249790
748805504
96828206
570147717
684192003
186969691
766535263
763094224
127947021
44018277
760871004
246847279
357914970
31257501
31368765
999417625
355891606
588352212
583253652
848225713
868601943
693353833
395377357
232544283
684355598
425845139
440824099
258862591
984101923
565948522
977295539
65705493
721181037
20881283
27979726
865067035
409750436
954198021
938632803
315388676
1694903
726961794
734499356
893039644
198057556
679548869
866653591
884467931
835209674
751995431
971282448
895937928
47708289
608083930
660659242
706340400
167606721
201292437
864519339
936875049
348574387
41032724
368443886
508971307
517913492
343851956
341676450
427964846
539094118
224680621
138145294
412225434
298084364
428806128
746954103
404319885
745694064
596370848
581883442
883400737
968621321
272634957
981977839
804762871
432785401
32033187
612506937
647478731
287070973
974353916
655536245
277685087
900754219
581630462
939943263
933376590
918587600
31788737
52380005
366492380
166645980
88265016
71304948
439560928
138094242
1967355
704856960
233340604
783747508
601562962
779972502
571038761
852665644
387004579
725441669
656151215
344169459
526165083
496945683
550118523
303893477
124536314
929350470
922960892
568081614
167201648
639109391
608136643
301765593
247311864
315807515
438653047
164956423
62148895
248514972
969130816
145385208
685870520
183702050
644317420
449377154
398265371
153057377
656065412
218248227
228858864
637963137
969641708
50418931
206860318
119116306
869435508
181025712
30840510
137057060
463769584
822270435
286682750
699914756
806656665
949751889
286506590
602611342
404295070
545036263
645279850
860848160
595545753
747439163
653023861
401630353
69404509
698586953
237309018
557002412
516869738
543260601
320805988
164819366
542340864
336127642
817917164
884871658
978511316
843955400
607171891
577052205
892472953
79718365
501771827
749663709
956765916
10180193
636329517
152542054
907823853
441480757
52588012
549900611
906819781
221152128
826371892
905038876
953670713
878288339
904064233
321373898
811823157
568382414
585685444
274393134
159198634
420506746
259234315
243007351
257264003
476723958
657321311
713058947
530618967
564881401
909971957
489625264
328991470
353873327
263315620
511573598
75461706
446907243
260838458
670117181
570362713
136243807
237494585
367790432
698018707
301153219
326131406
616939795
147106546
33587605
812720963
153636996
432653990
894750629
786880958
816420629
426434567
464399324
667321316
177387879
645961611
664028857
343229287
63434545
394149935
541712605
525464158
125813426
901816185
724315279
326233928
285757783
751054507
828724850
848770075
106402155
141858864
393729537
229483062
247574489
312760361
904341285
331597554
569378187
915198314
879539484
897039149
792348386
159647968
747368652
599019922
248669528
653415574
519123457
891636076
148920246
723966870
280288575
168527553
153612016
665145958
191454437
480144698
389310175
624123585
302493532
233690183
110163057
589912758
970620511
41763739
420989526
321810017
616870415
291089022
281872891
232668069
443033218
784322514
618059672
977581527
656419316
863184179
869268759
281753734
516662294
399260413
88773889
80336818
400432636
462959739
317199349
154270060
925141240
863139487
97740186
314395931
480142935
372380304
670908071
176397329
601767833
245248335
674582027
609111514
168364873
673046030
909584987
448485757
394742318
214976200
476656644
15562693
197413412
205523748
1099196
82318464
632951531
276405952
25030102
506006130
422035975
143641942
300750153
65452952
408892551
931182632
10941384
713883835
301298743
93253338
618504814
482049411
716346454
522421583
243103842
947799516
239225298
874320318
360184676
330008252
54463880
631422465
943293066
18083636
17890980
87165360
779998392
974915225
596959368
604870429
682358786
135128313
966097422
442287950
186307152
35488635
944321416
429367162
561598039
923574086
890923307
443389558
943001434
517045260
358008884
703610229
673543534
608921932
859192706
121060436
562916451
749308064
625747754
602516360
259640676
328063373
255767041
677926189
839177320
185744023
84208022
99096915
19856251
270703775
53379925
941639300
845713044
305527917
730806635
783377600
804641817
484536650
757651932
364500633
607114574
881059632
660751399
924112804
844745167
943971698
825666250
247563890
787963193
859935227
885946355
9439377
101838148
100838806
846479550
276285682
377807820
387488531
473616565
126506423
387506025
609194113
174673138
70513876
220670854
562580508
968279815
658001364
657950258
985420022
526197584
838974074
774968441
760845459
858124809
781878212
335384003
824294683
617244220
904271234
64646398
915677437
651686308
950440346
368513045
18643351
574536509
922001739
872067190
11838744
155859497
218280509
638060929
217491163
240598309
754629365
654785203
436620677
376155839
932152137
76065136
590491469
801749617
24483596
446473091
382209870
843847254
781880833
376370127
544724979
253027465
289804432
660880684
632784843
166575305
733223584
168241338
514781203
996869621
490412726
46418227
465179782
922295815
295703665
65749443
298925481
644319108
471129339
628540665
633675586
447482924
409672715
317334154
9652948
179405090
618631790
52915986
10157435
173485779
731551523
676308036
925595581
271795667
288459997
916986924
650187869
442649947
389755791
95766180
116123179
459270106
290302652
562975823
417772825
341333084
82742329
629300834
195396730
988209469
579546212
738118435
188240868
462438539
494023524
592422653
645997875
132545045
818895405
896843301
279065485
754491828
579185187
554808402
123629297
420307671
585383014
732730797
944208722
301107008
543026671
779654173
606294763
933396412
288619344
112573099
270261846
146540332
406890267
596893793
822001219
860040374
694449100
595524908
499160484
611887871
67666769
879162689
270337297
225414926
188886358
805623850
297876888
64040456
118000468
411044821
578448709
29089437
195344976
965964844
880798439
58901448
938057649
521528474
919491927
654038181
659422057
374492581
446932240
484271514
188992718
824745702
54729674
533721614
587612507
884583828
885487591
882738149
266396999
736107620
544282220
431350081
628923787
451298544
703758165
755548041
528422589
304325654
410368252
21022495
945296025
845748808
910462334
416616327
691639229
648230917
33217546
340536226
649212183
764585556
910724438
190019704
748790824
876981065
957883685
411539891
650818842
651651022
490544736
341380173
404225175
979921037
452387551
544962997
846680992
687022141
994222242
778664875
189875587
273853859
593608919
715487163
218804177
526787264
48215126
469837519
472942600
747028947
522476559
817547044
831691531
108027371
991288517
529239360
943001732
522665549
792761114
701838705
775678360
769181722
405214588
988623280
759897579
443305700
199436524
492710520
636565186
152360272
365248391
63871280
954040883
940064354
209896614
658856866
923698753
193862937
283834226
186784901
859924157
695557921
8214658
480606056
821810638
727247299
886339027
968707833
948657155
503977326
931451221
13771023
641074466
764709571
807279790
6593424
473240043
561382986
508569702
431417923
214242856
134703
814489820
936668836
485083335
58418947
277336858
573280531
505672236
44102612
504038522
548316599
510927389
467968303
943326126
641799941
71642676
267302444
59656837
893820084
143425617
90761183
759233955
361984249
325965240
533376882
908982520
492216655
772354593
316173281
554361830
170385609
125575430
918861968
73162368
273209136
323199386
578431107
825455452
767032365
386489574
741908107
276392323
271621333
814854069
871537658
778893121
744939411
347260610
899312575
631075531
563258269
598775968
326598543
666082897
664256759
370418771
100659091
225260094
210994888
884276213
444208776
214366754
310522049
394291515
657988009
482199877
167213788
45089730
308375147
523128727
636650126
233829358
616866269
239938299
38732701
22212675
402930655
531127387
963012214
925243131
748514626
741453359
530835723
865648129
466832412
325008937
308091298
24790332
560560670
282647508
961377861
473916209
965731529
373861046
720817162
773810337
824376480
965807771
846505239
711196544
5241975
478301900
727075436
386896345
887817743
203447856
103011099
128651718
126454435
72413116
365936882
98016078
715154650
461734166
984400517
443778698
395327985
842157241
288185687
99019166
479523533
428187008
441138199
29106169
169073856
596878270
636691981
766786697
618386961
24335348
209162281
885979312
593412919
388924361
621585792
688968162
771282496
766886359
146876202
261871394
662699550
706935702
580867622
71942879
577783880
342119878
460109227
5007705
77109367
585447914
492600069
548279788
107259293
455593485
654235744
244087272
859635240
727458498
958663124
349853174
972433578
270636218
396249334
135346954
879795707
404860556
120698046
801830821
326655055
35249570
253218518
961785811
319462409
562307640
898820023
774337457
984973132
720707618
194706432
59466217
623096429
491598325
689131428
21250573
586852828
962417315
470882118
299690521
440837725
378997831
393559027
887077331
61911740
306354982
337499622
59948501
382277214
358683436
538072607
221304037
547679249
525597852
531020270
825271508
730619165
43642652
468107359
244995499
279453025
399318165
549968989
658888616
342082943
207398915
430994317
561012862
354313294
379103051
191232775
997423420
534787644
978241750
569214430
50673202
777340093
576201852
85742482
177321952
307466109
540818359
844974314
815913197
143450387
801353044
667011280
40476472
834478556
544604238
937760475
947084722
694706458
170627869
386967948
441927793
1742258
354629385
620007054
87470097
101786918
57667593
555128241
673639557
902527551
559803140
795555538
86140424
17264689
69486266
834116262
499385328
857058216
487856131
36045542
928109807
878138495
272164008
324725062
463658909
795838950
596343371
254161356
799488375
816617601
643062629
295448163
961702007
707502678
600393771
726802556
419554081
256268837
371681733
473106458
297206013
141416335
857980483
305092089
118277038
945771805
843071329
692657818
748528365
947132095
592053790
276902533
501278181
798147466
393774822
586104411
183805936
462210883
389003636
238288212
127197815
928414077
526983717
118379831
378438758
158935565
51382186
12903813
508389938
603290596
595432220
395286141
511332666
610953186
637954835
863714998
35977701
439496924
575462054
565755938
797813822
68945742
351533993
761482345
553617466
922986602
42674715
113130033
840436658
337761102
825620242
487840001
878665756
535107670
402184928
527163103
9371645
827730006
369628327
251001208
160641745
577023664
563088159
682748060
449134337
216526724
382220617
926000598
771074963
565985654
397605338
900048060
865103097
33684389
463806230
162189868
555328185
893930553
118335868
337765531
855539317
475229328
429141913
627814932
515888421
408629218
778378032
723607001
70918962
949917115
425253699
407085131
183038812
320669837
291443616
938130715
892384264
496746348
569342513
508971091
515714737
616899589
651029083
388669118
636832868
561017651
408047335
26276006
428491312
48044594
828301262
829806307
785071369
370544235
30300917
145571040
92768668
602576249
981358589
646802040
528789481
183152162
471444527
599420382
47943570
858590434
775333563
421339142
266725812
265878705
148577247
519832609
259413797
551807395
914011766
175083864
435943317
465756369
289952640
253344296
333231573
432812440
266082187
973023870
754515897
942388257
956269314
510008980
91596806
997486940
801954705
313488716
517505932
123896551
35534969
273402183
875366916
672376273
898524933
470552226
193973935
588745938
217795114
471168227
994981343
878729180
649717834
332638176
481561326
13106988
793134432
622272239
227394300
816767249
87390390
708026435
14326588
251123721
312324888
683566421
630519187
544451751
277091669
979302920
342091205
263925383
660779169
291101843
28299799
878623440
791493174
614444885
425167026
669999976
999678400
569034265
999947440
948827625
738619631
589592985
198879612
310006927
429478798
520379315
946314798
116969137
177901052
878430270
397392522
208165415
284000212
612041604
949250268
760712980
842379404
30602833
533387625
23585031
253687270
723096005
678324469
240852441
989833565
704864006
332669543
690248398
428509415
203187436
513414825
947825297
727936331
913019897
53323178
336131201
841842857
993958819
541338678
475642987
362510822
140960671
991076877
333761240
965653263
862243425
637239557
742530055
508825783
36774455
236054054
151640983
498772520
740267071
953364069
30480602
67098282
217944735
990751422
883801950
58868238
546944522
483101458
870187217
257926302
597726339
767763343
605508545
405980680
203125332
990050011
990242811
808247371
638127284
64305852
524260144
486985869
552366056
82598209
246413000
936656900
261483176
345133104
168594766
419512259
905354512
667923987
224524099
107103176
109030928
774326054
808379032
766593772
660112691
487648192
7591608
632512025
714617696
784514363
627857532
50804891
113694952
654211028
920691568
729633862
655725770
762854420
468661135
432594594
380827580
296456886
668525681
265861565
237174424
170739973
213838004
669195470
225770685
240220536
590591612
984521647
828734115
2333648
459129879
2457905
412969890
441300466
461012918
329105628
105143812
522120189
94917613
935325761
342791902
62880767
399085850
695156702
428403355
294345752
942172044
881604951
272896277
237800046
886187760
287459738
310097102
21266879
280142400
976427776
112017443
790753625
912954506
859300257
969316802
750626395
399848706
789876898
55139941
41309348
646223218
44474822
800979193
676676189
906647595
98615192
495609319
285970796
929616487
868129022
479988386
888506948
445966442
860673901
595638625
853715918
308686465
733367419
277712507
423654422
830692801
505296332
243831326
371553891
522939172
653776120
232150822
400415527
325942626
385954437
608274399
977444788
983135883
561644421
444556404
303963374
373273346
329908340
395128015
261482378
303400453
183488060
786816256
798207058
345074410
763484368
83801803
274218605
584332814
448375171
402939692
603953890
603012461
240281212
506084018
210332750
986572256
248163089
491874202
402305931
500621177
215628608
569658801
111495567
126146065
282971498
286868036
327007849
341333076
82687716
725837729
404088398
874333982
599120799
457317943
397009897
168583159
28149841
413548325
222171103
999900823
16558360
179285889
342999452
486240723
300407035
438667749
293940127
79826077
220256920
311080788
125666270
201141571
793158434
3014253
857211480
115214437
436649322
626304030
567379942
199985839
433580053
916623594
988130774
24265258
802745806
8290505
732473155
169227956
810109193
769045831
314901784
313356638
238257866
681071087
578255473
793920544
98301852
325410662
920989432
215338556
69370016
219911984
128070681
209933180
194006491
851855013
569631732
803101013
712370816
721794885
878560121
678862115
537711822
340035185
239270379
31426680
636215822
705721631
430204613
760090464
375134637
259958771
856261983
845835310
373716427
639678096
880665021
708792129
862821323
606354234
654570897
630591993
462616357
138937639
366753089
78282910
821399806
976412968
822840785
669574594
301369302
345618796
523521484
747442095
696853779
51893065
289019509
227658260
828334622
382460038
756806669
563342428
546911849
125705765
193935423
94829418
261851821
637616101
542922544
648887834
554211132
499788327
883718054
575989655
640826670
588209832
908064614
813431989
716007284
664307410
43349809
920594033
933735952
628280573
364784092
674337762
314172591
441693565
932053624
239580115
863150341
285111684
867235331
971193346
165153146
556163369
176930174
428647167
383937771
82120004
369505696
344593764
448621876
615876257
35639363
16419504
600111606
339396558
900235822
245352120
766278849
832744247
629809115
595213370
789558267
22569880
399483214
868382677
884737136
597998174
18161073
824572511
198258968
661839242
311822511
327836634
768585924
243225709
874551855
409470839
663679913
710269196
823307864
358389242
428487813
18058895
123688621
887496488
500162123
621492838
533476852
975516198
318525603
585597665
246252534
31050142
111318220
174610396
879039127
97867969
813935618
911902490
661512682
990284468
633275620
380108863
827477311
187002197
982168282
545341668
975348570
48330010
578986660
255524579
281047312
759158242
212363965
845363052
386896867
891856944
88085610
907468907
998171717
467766187
52057005
993176957
4679157
894510230
485515746
255396139
718781610
470028741
270173660
380655779
988220860
804681391
121410216
44054916
83562376
267068276
546404561
579442816
539770140
518040356
658104446
14618449
699051165
725312878
787709926
869275189
393542109
753915561
886731179
921838107
854955173
483478394
513574648
589190683
456609340
920893752
453024726
314023673
86720441
43488723
126902817
432496253
530088590
939132481
698168692
395224889
27128850
974502322
547755833
364525855
790989634
646010954
301526879
845875948
61194048
471151062
833232237
759607760
39490522
950132783
523053313
847682402
654546604
312568079
880400975
58767809
365537466
176390497
360743190
356491313
860562444
677200232
1542208
784055152
424813777
667451290
912245226
913523597
253622758
450337552
39107413
938975155
743417072
689429410
129113729
35501628
36559065
656523367
229314170
498856278
575861000
158913210
340831250
659409765
212381773
601750262
33778170
96476854
778335773
65755315
376145074
851166944
851665582
342635633
991770013
77586860
972084465
482070943
923940849
666924508
882993710
778918995
148007718
628458756
604079930
125618288
995428005
769131382
630827772
436779264
761254603
85705886
549889504
784666093
8775038
1291901
690081938
130811538
165847392
535743320
209049246
158725316
372593929
262359276
238970324
681575266
448432229
914640059
664375275
945060313
389952076
626215767
461868393
224124524
180225822
134691557
181552708
138578213
392111827
516848732
326117700
527542532
11230689
128375414
24691967
693234329
738349040
593048689
67475246
290882276
249849094
456977262
282179850
546774602
624653922
925222699
370427448
164942317
596793732
627585544
636150377
873021572
666651773
245864440
932285651
565350604
213054431
219056873
591360853
76584608
520218251
270286734
491857638
239360589
349156642
103606527
431243700
711287896
304709961
816033262
102846903
748545669
206185786
257834843
880626483
30025609
537195820
793490254
267831929
394219186
87666105
534596587
935108320
275701332
122446657
318381047
664910888
64889809
68731205
397854075
878649941
257188193
576661860
389007786
270575686
120185437
453926688
494380786
123615659
83115000
810322500
225540062
831956696
519440192
181130649
831200716
946302789
889684691
388493997
275857050
711203470
103757400
559805476
821709595
66585150
358220052
216056548
43193367
566695279
435392408
665489440
761947515
640156146
998912615
264124061
151959913
181515896
802050068
843115788
442319748
467594707
448100144
937390528
10019841
397213665
786956627
7327792
696535595
618351020
579839350
136718084
183449263
363209524
211583243
746871839
175438912
881184374
859009817
978657023
695686672
799455984
298703534
380122408
930450637
383878937
630382722
823761961
837683905
143246960
969154924
612667134
610170837
84503252
79959857
357873146
731886279
575253884
170310570
569025372
898739797
332227116
748566056
511401953
319575322
283864314
894876269
35368193
90907608
419319228
286149705
165367158
629694499
151620708
883909442
959016567
127757804
205648290
121917992
399677331
419689152
389843064
776145489
18200950
274580902
467174313
518387270
253616980
157254432
895638364
680790685
759567827
432838135
488511102
430967772
332205026
601792996
548100346
139892853
1032047
651210102
745969468
704471882
806325286
604668429
239090293
416820682
394809429
744852273
49085932
942872030
76649563
515550809
926366605
550868592
562056520
75316745
261207739
948291349
564825882
282769770
874282585
700384342
382265187
266731921
591768035
894072477
655941289
589746149
5202603
67077975
945473010
192126384
254742891
394051503
765870165
571096371
510649693
631089609
740945877
7926432
828324250
210631380
557824070
676930713
351902026
350359029
514492018
20365857
768131344
257616352
618481778
197097180
729836395
611634665
969634296
906679794
682488478
905226027
341599582
902744225
471357708
780888910
874897609
458262339
43713457
86632289
515349737
853514259
865903163
882876934
716805892
106868059
78203442
577834064
922055187
857678736
128141865
33756567
950581562
53060143
537877518
122243698
352170071
237589081
857141042
907658808
445117399
294988925
846587265
99972601
452095070
899523183
419567544
369239781
380158729
206592348
39825215
604774979
527752244
224310470
518695162
446710822
505584919
161103202
424169465
197350383
717367024
154471226
135966194
680591084
42236202
389675938
473366561
759010729
972867371
709215564
867162198
702776401
946698025
371505389
162540560
943364511
366006142
604959817
763801846
932599530
418833562
215526576
170496228
896376222
903313669
755846022
32089732
975089983
4749469
557455781
569477703
48542141
633945286
866256416
1782611
777019773
597276329
390131837
28502409
387318803
158551573
860130077
237493600
321004096
436296487
546245685
843483811
649394190
128140057
987420796
998283732
704095758
508364335
342970999
291061550
682588840
275244925
976873825
824699701
295968294
723105327
813139357
956139023
18313033
367177659
194332687
519323663
970669517
993112330
720999980
409711600
635951745
346219685
680702814
563209875
53632975
649600735
811149125
629029882
785924489
773024099
662576347
74156038
911797185
741065739
784295196
189544686
718799083
721217216
542726547
521048185
912110917
463249105
997332833
727797798
896347736
392638323
648526882
871166766
315341828
46848638
479488245
89770931
882005260
332786676
469717231
342770983
919467867
211584455
798159764
590088685
46561650
798725072
617406414
906800483
871159690
192054808
504927591
518721530
720256855
699371744
208363056
516310565
765995306
488088140
300324086
455663173
289272284
845429057
502904199
126333718
20830370
904314336
844182951
448547590
949404948
697552868
800036550
584813359
66648648
204228022
908497003
668044599
835862530
661690580
344236607
988415988
661653340
851423331
216885711
941163597
889163179
111588893
208104096
731477197
588897309
405474
644091646
540484469
234612302
293224973
88479085
854848243
655185601
681717577
388547907
694760340
919300369
131684435
79042126
765768259
10264918
368541546
228711280
884959923
540653161
58404992
114309052
655936913
532338359
841284628
598253090
67596945
934697333
591043173
320323499
71440116
369017409
738481450
548519941
741256746
615634905
63362543
481185542
395258298
291221378
989100421
196428223
404679093
651683113
908797693
132468021
777658765
531547813
430775050
671437025
276785408
16208172
704839581
988349442
346195017
509897956
959255329
707862148
688205711
271006530
453930264
526845751
664453467
984098083
490369642
623857952
987442736
431568791
516213652
765345111
531389316
746051589
929734494
62293334
45946083
104254304
895990252
985316790
491766559
343485507
822935190
223269403
922631597
490637827
254772832
919592530
504212318
300616229
11713818
213532137
597353178
308192666
271937618
6808351
353643339
636112190
387182665
104160765
946496538
556964459
94085891
215488526
530483765
130249285
487624301
774589257
885170598
269875636
285890640
345803960
803787516
743708774
27405245
47453510
183561132
468918112
841957616
926271404
787138681
873031264
835879214
940603972
358321421
942407474
318470510
234657396
409349750
672178250
235997730
492856515
75443779
176378980
954458584
911885712
355517497
926906731
560879731
860726466
500492728
929707808
566082561
494658683
872126672
49320137
247591369
148600329
205777890
454001285
171667816
983905020
690883812
204416836
624284025
305438702
280067944
805325638
493832201
702427445
43154892
234470353
634643594
724914052
3827870
652588736
720583540
406381189
456707730
819506417
907675041
739800543
48434230
587463569
134449022
653951675
527932353
125693441
884111042
523345863
908923192
413689554
390470887
675135945
85442310
38833813
806503211
474293533
543554456
514466374
756499767
918974710
145176195
612759467
741643981
357945535
250060264
13563174
959688954
28884296
302555415
977914582
169296882
143425492
87175544
957547169
965808599
862499023
45646759
362660720
227978309
410937449
695869906
349260764
830812698
497391580
983838548
382885307
11583164
169688250
410218806
794687960
289537689
207335146
786276684
310238020
762905352
245761102
851925625
772705316
735053746
40095086
761592134
225785706
918503391
484792784
240434184
859683574
558474054
932689911
104700811
225982405
804736958
15715710
983540804
525131329
629126973
7481561
973754996
987922349
905676536
499878609
786237357
691815423
85795006
78305454
174412614
975992231
608349723
893854741
762980081
386040027
269024461
416061634
72832867
462651543
464502402
624814637
933306094
602650975
881976684
828711196
622463757
611287785
727560902
448661190
968634122
520623027
483362426
392348686
374914059
605516358
500598055
984126697
53557481
840377106
336802889
361860387
429396797
816092738
73570163
256888384
164183413
619310432
454111840
175632281
669812926
493558366
998606485
149118840
642844294
487863283
105828995
977618271
374837930
34737666
670543912
291379202
183935815
238403971
645338856
622390633
701000461
16463222
37678621
967848046
298401460
343133013
402646104
238850663
963921553
447603379
487848922
965706965
899422495
608245120
621260038
640348157
457621732
176495986
83307411
12472752
569542453
786057692
866951523
49432320
355426058
276827054
321782631
440616132
425757786
696923396
22198921
792093564
122141302
849765425
12775254
207114764
652546677
171656637
600102614
231473296
988676110
804504847
280488464
377843707
658669195
451084419
771530645
595361741
556026465
654297803
56150106
283440381
844958142
542617320
335559639
2713258
617689745
406210781
71986006
198505983
462528679
327788974
456114759
406733776
323645392
463397628
373616360
891844596
867834144
361014922
317739066
581140625
244260253
307119562
242536307
386021319
124587224
197638402
93794511
741029372
245301667
290783297
492581419
364543440
919196470
221504604
428959319
60973569
777611659
798922127
765650102
200786926
538965252
835428634
410025071
205588485
662516459
280584458
763807115
13089246
328360848
208464992
765288956
671861755
982178316
742444205
233975380
447844614
647982888
818231408
26370376
396730381
949952084
89618959
155781224
778975093
21955143
28304150
124907222
181410775
986928610
280812365
558433689
481850101
795198337
403951675
769557353
185195563
739655488
902409285
425176542
750918670
788489545
157625743
587485630
393654564
639157580
224120714
9444386
196426916
353332927
441573023
867346413
898001439
65844460
549291269
208981996
347465214
320749400
801776003
447589866
366881458
20042242
691464386
229971063
668981734
365604256
664720053
527488603
442262948
965151736
178735038
621380886
142054861
958353372
411856237
255599558
113404979
68926199
82090858
890896717
969603613
311663426
409110605
714871234
408812006
272562497
31477087
807006005
586921060
763306715
371411640
466063274
149753715
617515630
255532942
708444717
939170452
411379098
327622712
366414182
593527707
751389766
865804495
174235622
805197372
428078757
514221946
242097480
118982235
677224559
331033127
829311713
579173189
415828564
133946383
163351878
383604612
524983476
76500730
236169053
582159491
96729613
661803112
833590528
731683713
610558694
819188189
692889970
965105266
281744609
2470056
11766431
448898477
98426529
778161098
346944405
704201608
999047097
951020241
394987916
154537860
195017337
176173057
694601272
709270640
648407660
324935466
830570646
475979968
569299372
17749595
48122664
579079045
325403581
874905276
592419726
611317539
91334890
206213131
385539682
408463966
428115204
826278959
369180861
945081287
786390375
98218926
695742459
575692553
219155796
926292039
169415147
149203303
162562610
660217001
864884094
244960542
566713693
644098336
626664379
82439074
620092197
143327802
285882615
886955923
908093447
337084843
261913803
884020192
916998637
865002598
294945467
282850384
433972894
324727267
477979332
642418191
11321277
171312910
811313266
292155875
505529701
602785931
508786115
633108167
259511220
607330588
504431204
508395688
661755769
206978047
991193993
655317592
411463846
24965651
283729853
262948340
182950875
102266326
840143353
408535900
15815888
142313228
305486377
192653258
527781801
536294668
119709252
30501439
337781070
960512503
842684193
166491320
935963534
277369777
399319302
559049497
363400959
602570021
906302079
834583997
304480484
836513687
551485383
361276626
208004939
605464839
876712652
250741768
143421976
986319974
270911113
283114689
392712756
233087251
966657873
274434328
420038481
323255207
939288526
629350752
823690429
659228262
819014195
842516114
334023496
716958800
299208974
601012213
156801751
678911666
210502308
122167332
485700799
52661492
323273966
60570933
883792449
890929094
546505356
681041366
173422031
520083616
869676316
368946113
212342978
954030590
743666557
399480002
842719979
769630057
304246378
585852611
232818155
429329760
240428216
572704894
908956115
12189958
595076041
154945722
817676610
950385410
324275408
545402335
637070234
584830488
266996943
736757134
110744998
445458202
330097290
642208653
319539880
57349104
891972960
157613711
208189519
287582145
349012280
95715907
153485283
773209759
533314128
239591244
396420146
489321546
355753798
607647914
359873885
92131049
813018984
998683443
686193223
611392911
12916210
828480764
803763180
352495237
528921076
575046369
783265000
40602250
854270506
780974214
207229329
399479779
840938298
772210431
89497452
979391449
76103743
177969861
327142435
221727777
320709336
544781975
874002849
809800601
770133799
60683621
250185767
291800937
778683407
478483371
463363235
54875496
132006124
561677350
814455030
369958923
696047073
815278318
787358009
326343364
999912268
245436969
930575190
701842435
828035667
430658241
665205412
982401540
127857943
765358819
741218210
44348356
677667990
339046706
526688494
7697119
245640900
945175281
563118134
20328396
243683932
185871498
821376876
599724275
692060242
473785570
727663402
940266102
3425702
735434192
634507626
999274521
495683197
18317881
544764330
681752403
863389962
422264823
75807432
676674643
885724791
84053919
506129925
675009805
382368461
56399675
92334010
556940268
824621199
1218401
845009968
418460193
89331255
7311987
465153888
681395215
994390248
119653175
688228758
588233382
185116991
830035689
592450137
971648313
4441557
727428584
523448202
980201770
955099111
143118329
285609575
282933168
117755451
634624021
476480302
334781940
789473501
684087811
761331587
257853639
849914554
547491010
464060308
519694610
824876630
214547201
50145693
459052645
293308814
6037008
445465592
395936559
657587527
213556659
644660324
869333397
405551395
719339864
498399395
19569363
959968225
389930096
454797665
409160894
126371788
982880231
535484906
440845538
447883745
998490352
829830370
184429743
433010304
979233701
986411741
81227826
795971668
708962587
279497657
894026848
840049448
830750851
469764372
785652005
490729605
155452234
539705559
820904155
836316962
260609289
720151308
179064141
396659206
385257045
229907221
733026794
282807219
992311851
828096350
435648833
899056942
33849583
579426927
355637326
779076444
601055956
682622430
733819391
908986076
556863618
970890520
284018258
637087735
807820874
745644701
860201293
462644788
401998635
29025418
474890074
205823837
345187740
545758463
522999361
283316064
799212045
398928730
441316194
599830866
970678063
159019894
732668777
35367906
88877482
920680666
528887462
219474608
910355675
474550047
977471077
497063715
723367696
608236163
512299809
510943014
627635554
263886448
605743805
255572958
753686086
427162299
676296869
774550192
279999272
959232052
261295841
551652389
203582894
599472941
678069911
788042035
102489269
405026015
460728267
705360128
329101721
79427651
875174337
301201433
230324125
920255701
705552230
39492579
966379607
895448254
275755916
132520899
178867176
346665021
766367849
196799808
16442883
368401351
195554186
143966212
627019762
537819385
496908817
183724123
455337211
319757212
446746260
822208239
263882794
412896924
838698486
151504186
351837552
896629973
453084819
858532082
773358232
829550021
532373411
214487397
484347183
921936800
674631942
282571666
674642601
426390840
91484359
938794164
344823604
33178755
82978335
540407937
407383725
614993948
175560766
158255850
491405922
797801766
876578327
895633661
596547162
685164902
509429326
182381888
315307044
853199601
495591465
109001808
139414726
646582565
690133619
844120740
398236981
926930359
998904358
99164313
356097276
52699746
726322846
448766215
911157254
75415168
744756446
621638585
345303608
345816978
893822730
190726646
665349440
898773083
930547253
181900658
784938083
277941437
144240162
522433378
366344484
82809572
742521482
381512314
516457336
281799082
72261604
173941265
556366980
442164343
93062206
57418558
689080279
316309067
514258664
619734990
714578303
221511183
720419405
41191005
669889291
516621964
982536872
787048395
451760720
877481349
735178428
873209965
956429753
578724236
217413337
855910547
828644658
519692319
801064275
39726812
821959168
168738592
271243014
277264380
553641678
191076186
10885630
496940496
498565647
677043685
881513983
669022245
907643048
159025827
921365303
140215722
44869598
328082468
381058089
52671923
433147251
165410488
62954039
321102641
69060571
936246684
578533009
4425025
580846250
823661390
180853767
808503809
784091675
997548043
20980931
199465626
653595557
871521301
493780967
196433714
620399583
956425865
504352409
713524641
174133141
235079452
234875262
638869956
548206794
306889877
139660507
505721549
542851229
874568268
696553925
873704329
592545133
97346419
632529212
