320
113
116
149
512
515
548
341
344
377
170
173
206
569
2
35
398
401
434
227
230
263
56
59
92
455
458
491
284
287
320
113
116
149
512
515
548
341
344
377
170
173
206
569
2
35
398
401
434
227
230
263
56
59
92
455
458
491
284
287
320
113
116
149
512
515
548
341
344
377
170
173
206
569
2
35
398
401
434
227
230
263
56
59
92
455
458
491
284
287
320
113
116
149
512
515
548
341
344
377
170
173
206
569
2
35
398
401
434
227
230
263
56
59
92
455
458
491
284
287
320
113
116
149
512
515
548
341
344
377
170
173
206
569
2
35
398
401
434
227
230
263
56
59
92
455
458
491
284
287
320
113
116
149
512
515
548
341
344
377
170
173
206
569
2
35
398
401
434
227
230
263
56
59
92
455
458
491
284
287
320
113
116
149
512
515
548
341
344
377
170
173
206
569
2
35
398
401
434
227
230
263
56
59
92
455
458
491
284
287
320
113
116
149
512
515
548
341
344
377
170
173
206
569
2
35
398
401
434
227
230
263
56
59
92
455
458
491
284
287
320
113
116
149
512
515
548
341
344
377
170
173
206
569
2
35
398
401
434
227
230
263
56
59
92
455
458
491
284
287
320
113
116
149
512
515
548
341
344
377
170
173
206
569
2
35
398
401
434
227
230
263
56
59
92
455
458
491
284
287
320
113
116
149
512
515
548
341
344
377
170
173
206
569
2
35
398
401
434
227
230
263
56
59
92
455
458
491
284
287
320
113
116
149
512
515
548
341
344
377
170
173
206
569
2
35
398
401
434
227
230
263
56
59
92
455
458
491
284
287
320
113
116
149
512
515
548
341
344
377
170
173
206
569
2
35
398
401
434
227
230
263
56
59
92
455
458
491
284
287
320
113
116
149
512
515
548
341
344
377
170
173
206
569
2
35
398
401
434
227
230
263
56
59
92
455
458
491
284
287
320
113
116
149
512
515
548
341
344
377
170
173
206
569
2
35
398
401
434
227
230
263
56
59
92
455
458
491
284
287
320
113
116
149
512
515
548
341
344
377
170
173
206
569
2
35
398
401
434
227
230
263
56
59
92
455
458
491
284
287
320
113
116
149
512
515
548
341
344
377
170
173
206
569
2
35
398
401
434
227
230
263
56
59
92
455
458
491
284
287
320
113
116
149
512
515
548
341
344
377
170
173
206
569
2
35
398
401
434
227
230
263
56
59
92
455
458
491
284
287
320
113
116
149
512
515
548
341
344
377
170
173
206
569
2
35
398
401
434
227
230
263
56
59
92
455
458
491
284
287
320
113
116
149
512
515
548
341
344
377
170
173
206
569
2
35
398
401
434
227
230
263
56
59
92
455
458
491
284
287
320
113
116
149
512
515
548
341
344
377
170
173
206
569
2
35
398
401
434
227
230
263
56
59
92
455
458
491
284
287
320
113
116
149
512
515
548
341
344
377
170
173
206
569
2
35
398
401
434
227
230
263
56
59
92
455
458
491
284
287
320
113
116
149
512
515
548
341
344
377
170
173
206
569
2
35
398
401
434
227
230
263
56
59
92
455
458
491
284
287
320
113
116
149
512
515
548
341
344
377
170
173
206
569
2
35
398
401
434
227
230
263
56
59
92
455
458
491
284
287
320
113
116
149
512
515
548
341
344
377
170
173
206
569
2
35
398
401
434
227
230
263
56
59
92
455
458
491
284
287
320
113
116
149
512
515
548
341
344
377
170
173
206
569
2
35
398
401
434
227
230
263
56
59
92
455
458
491
284
287
320
113
116
149
512
515
548
341
344
377
170
173
206
569
2
35
398
401
434
227
230
263
56
59
92
455
458
491
284
287
320
113
116
149
512
515
548
341
344
377
170
173
206
569
2
35
398
401
434
227
230
263
56
59
92
455
458
491
284
287
320
113
116
149
512
515
548
341
344
377
170
173
206
569
2
35
398
401
434
227
230
263
56
59
92
455
458
491
284
287
320
113
116
149
512
515
548
341
344
377
170
173
206
569
2
35
398
401
434
227
230
263
56
59
92
455
458
491
284
287
320
113
116
149
512
515
548
341
344
377
170
173
206
569
2
35
398
401
434
227
230
263
56
59
92
455
458
491
284
287
320
113
116
149
512
515
548
341
344
377
170
173
206
569
2
35
398
401
434
227
230
263
56
59
92
455
458
491
284
287
320
113
116
149
512
515
548
341
344
377
170
173
206
569
2
35
398
401
434
227
230
263
56
59
92
455
458
491
284
287
320
113
116
149
512
515
548
341
344
377
170
173
206
569
2
35
398
401
434
227
230
263
56
59
92
455
458
491
284
287
320
113
116
149
512
515
548
341
344
377
170
173
206
569
2
35
398
401
434
227
230
263
56
59
92
455
458
491
284
287
320
113
116
149
512
515
548
341
344
377
170
173
206
569
2
35
398
401
434
227
230
263
56
59
92
455
458
491
284
287
320
113
116
149
512
515
548
341
344
377
170
173
206
569
2
35
398
401
434
227
230
263
56
59
92
455
458
491
284
287
320
113
116
149
512
515
548
341
344
377
170
173
206
569
2
35
398
401
434
227
230
263
56
59
92
455
458
491
284
287
320
113
116
149
512
515
548
341
344
377
170
173
206
569
2
35
398
401
434
227
230
263
56
59
92
455
458
491
284
287
320
113
116
149
512
515
548
341
344
377
170
173
206
569
2
35
398
401
434
227
230
263
56
59
92
455
458
491
284
287
320
113
116
149
512
515
548
341
344
377
170
173
206
569
2
35
398
401
434
227
230
263
56
59
92
455
458
491
284
287
320
113
116
149
